 0  0.0410686  1.6583107  4
1
"Sa"       0  0  1  0  0  0  0
1
"Ssa"      0  0  2  0  0  0  0
7
"Mm(-2)"   0  1  0 -1 -2  0  0
"Mm(-1)"   0  1  0 -1 -1  0  0
"Mm"       0  1  0 -1  0  0  0
"Mm(1)"    0  1  0 -1  1  0  0
"Mm(2)"    0  1  0  1  0  0  0
"Mm(3)"    0  1  0  1  1  0  0
"Mm(4)"    0  1  0  1  2  0  0
10
"Msf(-1)"  0  2 -2  0 -1  0  0
"Msf"      0  2 -2  0  0  0  0
"Msf(1)"   0  2 -2  0  1  0  2
"Mf(-3)"   0  2  0 -2 -1  0  0
"Mf(-2)"   0  2  0 -2  0  0  0
"Mf(-1)"   0  2  0 -2  1  0  0
"Mf"       0  2  0  0  0  0  0
"Mf(1)"    0  2  0  0  1  0  0
"Mf(2)"    0  2  0  0  2  0  0
"Mf(3)"    0  2  0  0  3  0  0
7
"Mtm(-2)"  0  3  0 -3  0  0  0
"Mtm(-1)"  0  3  0 -3  1  1  0
"Mtm"      0  3  0 -1  0  0  0
"Mtm(1)"   0  3  0 -1  1  0  0
"Mtm(2)"   0  3  0 -1  2  0  0
"Mtm(3)"   0  3  0  1  2  0  0
"Mtm(4)"   0  3  0  1  3  0  0
