S
1  "ILHA FISCAL"
 22 53,80 S
 43 10,00 W
 3 
  90      0
"2Q1"      1     6            1             0,50   35,55
"SIGMA1"   1     7            1             0,47   53,37
"Q1"       1     8            1             2,85   67,27
"RO1"      1     9            1             0,51   62,99
"O1"       1    10            1            10,62   88,39
"M1"       1    12            1             0,32   85,66
"PI1"      1    14            1             0,23  149,34
"P1"       1    15            1             2,28  134,17
"S1"       1    16            1             1,94   53,43
"K1"       1    17            1             5,81  145,95
"FI1"      1    19            1             0,22  143,45
"OO1"      1    22            1             0,23  337,01
"KQ1"      2    34  8         1 -1          0,11    4,66
"MNS2"     3    28 26 32      1  1 -1       0,38   83,48
"2N2"      1    24            1             1,18  131,08
"MU2"      1    25            1             1,79  104,57
"2(NU)M2"  2    27 28         2 -1          0,20  183,24
"N2"       1    26            1             4,20  120,03
"NU2"      1    27            1             0,50  117,35
"OP2"      2    10 15         1  1          0,16   43,99
"MTS2"     3    28 31 32      1  1 -1       0,66  146,26
"M2"       1    28            1            32,33   85,35
"MST2"     3    28 32 31      1  1 -1       0,53  233,52
"MKS2"     3    28 34 32      1  1 -1       0,39  106,35
"LAMBDA2"  1    29            1             0,37    2,76
"L2"       1    30            1             3,00   58,58
"T2"       1    31            1             0,44  134,33
"S2"       1    32            1            17,92   91,24
"R2"       1    33            1             0,46   99,19
"K2"       1    34            1             5,44   83,61
"MSN2"     3    28 32 26      1  1 -1       0,28  246,04
"KJ2"      2    17 21         1  1          0,47  268,06
"2SM2"     2    32 28         2 -1          0,37  271,66
"MO3"      2    28 10         1  1          0,18   33,59
"2MP3"     2    28 15         2 -1          0,14  102,23
"M3"       1    37            1             0,78  188,47
"SO3"      2    32 10         1  1          0,32  140,61
"MK3"      2    28 17         1  1          0,29  132,57
"SP3"      2    32 15         1  1          0,21  255,33
"S3"       2    32 16         1  1          0,67  202,48
"SK3"      2    32 17         1  1          0,33  213,64
"N4"       1    26            2             0,64  340,97
"3MS4"     2    28 32         3 -1          0,44  338,90
"MN4"      2    28 26         1  1          2,42   31,76
"M(NU)4"   2    28 27         1  1          0,48   27,44
"2MTS4"    3    28 31 32      2  1 -1       0,22  197,03
"M4"       1    28            2             5,17   77,93
"2MKT4"    3    28 34 31      2  1 -1       0,11  164,50
"SN4"      2    32 26         1  1          0,44  152,74
"3MN4"     2    28 26         3 -1          0,63  289,78
"MS4"      2    28 32         1  1          2,50  176,94
"MK4"      2    28 34         1  1          0,73  176,76
"SL4"      2    32 30         1  1          0,42  207,01
"S4"       1    32            2             0,14   63,89
"MNO5"     3    28 26 10      1  1  1       0,13  341,76
"2MO5"     2    28 10         2  1          0,16   33,59
"MNK5"     3    28 26 17      1  1  1       0,10   77,95
"2MK5"     2    28 17         2  1          0,05  156,88
"MSK5"     3    28 32 17      1  1  1       0,05   10,23
"S5"       2    32 16         2  1          0,08  107,13
"3MNS6"    3    28 26 32      3  1 -1       0,05  260,79
"2NM6"     2    26 28         2  1          0,04  277,99
"4MS6"     2    28 32         4 -1          0,06  285,82
"2MN6"     2    28 26         2  1          0,09   16,72
"M6"       1    28            3             0,14   78,05
"MSN6"     3    28 32 26      1  1  1       0,05   77,17
"2MS6"     2    28 32         2  1          0,09  112,71
"2SM6"     2    32 28         2  1          0,11  312,63
"MSK6"     3    28 32 34      1  1  1       0,04  313,49
"2MSO7"    3    28 32 10      2  1  1       0,04  188,01
"2MSP7"    3    28 32 15      2  1  1       0,03  272,27
"2MSK7"    3    28 32 17      2  1  1       0,03  359,31
"2M2N8"    2    28 26         2  2          0,07   85,60
"3MN8"     2    28 26         3  1          0,07  137,04
"2MSN8"    3    28 32 26      2  1  1       0,06  291,71
"3MS8"     2    28 32         3  1          0,08   15,03
"3MK8"     2    28 34         3  1          0,03  341,86
"2M2S8"    2    28 32         2  2          0,04  108,69
"2MSK8"    3    28 32 34      2  1  1       0,03  142,90
"S8"       1    32            4             0,04  216,68
"3MSO9"    3    28 32 10      3  1  1       0,03  245,97
"4SK9"     2    32 17         4  1          0,05  187,90
"4MN10"    2    28 26         4  1          0,04  336,08
"3MSN10"   3    28 32 26      3  1  1       0,04   13,69
"4MS10"    2    28 32         4  1          0,03   24,84
"3M2S10"   2    28 32         3  2          0,03  221,00
"3MSK10"   3    28 32 34      3  1  1       0,03  196,51
"5M011"    2    28 10         5  1          0,03  262,53
"5MS12"    2    28 32         5  1          0,03  323,60
"Sa"       1     1            1             5,28   34,13
