S
1  "ILHA FISCAL"
 22 53.80 S
 43 10.00 W
 3 
  84       230.75
"2Q1"      1     6            1             0.56   14.47
"SIGMA1"   1     7            1             0.50   57.93
"Q1"       1     8            1             3.08   63.48
"RO1"      1     9            1             0.50   60.48
"O1"       1    10            1            11.12   87.49
"MP1"      2    28 15         1 -1          0.36  172.74
"M1"       1    12            1             0.89  128.86
"PI1"      1    14            1             0.24  167.92
"P1"       1    15            1             2.13  137.31
"S1"       1    16            1             0.50   99.69
"K1"       1    17            1             6.31  148.19
"MNS2"     3    28 26 32      1  1 -1       0.42   93.26
"2N2"      1    24            1             1.41  133.62
"MU2"      1    25            1             1.89  107.18
"N2"       1    26            1             4.26  126.86
"NU2"      1    27            1             0.67  113.97
"MTS2"     3    28 31 32      1  1 -1       0.90  146.25
"M2"       1    28            1            32.69   86.08
"MST2"     3    28 32 31      1  1 -1       0.70  254.91
"LAMBDA2"  1    29            1             0.51   10.63
"L2"       1    30            1             1.07   84.49
"T2"       1    31            1             0.67  137.13
"S2"       1    32            1            17.74   90.64
"R2"       1    33            1             0.47  134.56
"K2"       1    34            1             5.86   81.06
"KJ2"      2    17 21         1  1          0.61  277.76
"2SM2"     2    32 28         2 -1          0.38  279.88
"MO3"      2    28 10         1  1          0.45   39.37
"M3"       1    37            1             0.68  191.89
"SO3"      2    32 10         1  1          0.35  136.89
"MK3"      2    28 17         1  1          0.32  154.33
"SP3"      2    32 15         1  1          0.30  237.95
"S3"       2    32 16         1  1          0.15  256.76
"SK3"      2    32 17         1  1          0.37  248.96
"N4"       1    26            2             0.54  345.22
"3MS4"     2    28 32         3 -1          0.37  332.10
"MN4"      2    28 26         1  1          2.22   35.79
"M(NU)4"   2    28 27         1  1          0.45   43.15
"2MTS4"    3    28 31 32      2  1 -1       0.31  202.40
"M4"       1    28            2             5.28   83.77
"SN4"      2    32 26         1  1          0.29  161.95
"3MN4"     2    28 26         3 -1          0.58  292.15
"MS4"      2    28 32         1  1          2.39  181.69
"MK4"      2    28 34         1  1          0.71  181.12
"SL4"      2    32 30         1  1          0.29  229.15
"S4"       1    32            2             0.23   35.59
"MNO5"     3    28 26 10      1  1  1       0.12  351.28
"2MO5"     2    28 10         2  1          0.16   42.50
"2MK5"     2    28 17         2  1          0.09  186.99
"MSM5"     3    28 32 12      1  1  1       0.09   38.38
"MSK5"     3    28 32 17      1  1  1       0.10  351.43
"S5"       2    32 16         2  1          0.07  101.32
"4MS6"     2    28 32         4 -1          0.03  287.33
"2MSNK6"   4    28 32 26 34   2  1  1 -1    0.04  165.19
"2MN6"     2    28 26         2  1          0.06   18.03
"M6"       1    28            3             0.11   93.92
"MSN6"     3    28 32 26      1  1  1       0.07   35.03
"4MN6"     2    28 26         4 -1          0.03  326.90
"3MO7"     2    28 10         3  1          0.03  179.88
"2MSO7"    3    28 32 10      2  1  1       0.05  246.32
"3MK7"     2    28 17         3  1          0.04  261.39
"2MSP7"    3    28 32 15      2  1  1       0.03  311.60
"2MSK7"    3    28 32 17      2  1  1       0.05  352.47
"2SMK7"    3    32 28 17      2  1  1       0.04   36.63
"2M2N8"    2    28 26         2  2          0.03   80.57
"3MN8"     2    28 26         3  1          0.06  156.33
"M8"       1    28            4             0.05  224.09
"2MSN8"    3    28 32 26      2  1  1       0.04  307.40
"3MS8"     2    28 32         3  1          0.05  319.91
"3MK8"     2    28 34         3  1          0.04  341.21
"2M2S8"    2    28 32         2  2          0.05  146.61
"3SM8"     2    32 28         3  1          0.03  195.04
"S8"       1    32            4             0.08  200.27
"3MSO9"    3    28 32 10      3  1  1       0.03  299.52
"4MN10"    2    28 26         4  1          0.02  316.18
"3MSN10"   3    28 32 26      3  1  1       0.02   47.61
"2M2SN10"  3    28 32 26      2  2  1       0.02   34.09
"5SK11"    2    32 17         5  1          0.05  247.00
"5MN12"    2    28 26         5  1          0.02  253.97
"4MSN12"   3    28 32 26      4  1  1       0.03  348.51
"5MS12"    2    28 32         5  1          0.03   38.36
"4M2S12"   2    28 32         4  2          0.02  114.49
"Sa"       1     1            1             7.00   36.24
"Ssa"      1     2            1             2.82  102.40
