S
 2   "Pt da Madeira (10m)"
 2  34.3  S
 44  23.5  W
3
 70     -1.93      .33
"Q1" 1   8  1   0.76 302.66   0.36 259.40
"O1" 1  10  1   3.48 327.03   1.41 259.58
"P1" 1  15  1   0.69 327.28   0.38 292.63
"S1" 1  16  1   0.33 260.20   0.18 226.32
"K1" 1  17  1   2.21 325.93   1.22 292.72
"OQ2" 2  10  8  1  1   0.85 203.37   0.18 275.69
"2N2" 1  24  1   4.15 328.35   1.11 320.23
"MU2" 1  25  1   5.96  52.84   1.66  44.88
"N2" 1  26  1  24.19 305.48   7.28 299.71
"NU2" 1  27  1   6.43 295.23   1.94 289.68
"MTS2" 3  28 31 32  1  1 -1   1.94 179.37   0.58 173.51
"M2" 1  28  1 133.04 316.92  39.59 311.04
"LAMBDA2" 1  29  1   3.43 299.26   1.00 293.04
"L2" 1  30  1   9.92 323.71   2.89 318.21
"T2" 1  31  1   2.01 340.13   0.64 344.68
"S2" 1  32  1  30.00 352.00   9.75 356.99
"K2" 1  34  1   8.32 349.12   2.77 354.73
"MSN2" 3  28 32 26  1  1 -1   1.46 141.44   0.55 143.57
"2SM2" 2  32 28  2 -1   1.67 175.95   0.62 164.30
"2MS2N2" 3  28 32 26  2  1 -2   0.77 228.73   0.30 218.12
"NO3" 2  26 10  1  1   0.32  98.69   0.22 116.10
"MO3" 2  28 10  1  1   0.86 121.79   0.44 141.42
"M3" 1  37  1   1.32 112.86   0.06 190.45
"MK3" 2  28 17  1  1   0.81 139.11   0.74  37.21
"SP3" 2  32 15  1  1   0.33  44.78   0.27 359.81
"SK3" 2  32 17  1  1   0.60 106.61   0.45  64.76
"MN4" 2  28 26  1  1   1.13 219.52   1.27 122.07
"M4" 1  28  2   3.28 251.07   5.27 101.25
"MS4" 2  28 32  1  1   1.80 294.49   2.17 135.60
"S4" 1  32  2   0.37  26.33   0.73  21.16
"2MO5" 2  28 10  2  1   0.58 131.49   0.66 123.85
"MNK5" 3  28 26 17  1  1  1   0.25 129.56   0.33 158.46
"2MK5" 2  28 17  2  1   0.88  95.30   0.92 148.70
"2NM6" 2  26 28  2  1   1.15  88.59   0.05 195.92
"4MS6" 2  28 32  4 -1   0.69 104.67   0.04 202.06
"2MSNK6" 4  28 32 26 34  2  1  1 -1   0.83 222.63   0.24 262.68
"2MN6" 2  28 26  2  1   4.28  73.04   1.31 112.34
"3MSK6" 3  28 32 34  3  1 -1   0.75 202.08   0.26 255.43
"M6" 1  28  3   7.69  98.16   2.55 155.92
"MSN6" 3  28 32 26  1  1  1   1.87 133.10   0.48 189.87
"2MS6" 2  28 32  2  1   7.48 129.38   1.80 176.64
"2MK6" 2  28 34  2  1   1.88 135.33   0.46 183.42
"MSN6" 3  28 32 26  3  1 -1   1.22 294.98   0.34  10.18
"2SM6" 2  32 28  2  1   1.60 158.30   0.73 264.22
"MSK6" 3  28 32 34  1  1  1   0.82 162.15   0.38 272.92
"4MOS7" 3  28 10 32  4  1 -1   0.38 189.18   0.05 246.61
"2SMK7" 3  32 28 17  2  1  1   0.50 196.26   0.09 197.56
"2M2N8" 2  28 26  2  2   0.34  59.27   0.60  84.70
"3MN8" 2  28 26  3  1   0.32 359.88   1.85  71.07
"M8" 1  28  4   0.54 339.03   2.48  78.13
"2MSN8" 3  28 32 26  2  1  1   0.40  18.22   0.72  81.48
"2MNK8" 3  28 26 34  2  1  1   0.39  50.18   0.61  81.56
"3MS8" 2  28 32  3  1   1.29  25.55   2.27  36.44
"3MK8" 2  28 34  3  1   0.26  39.02   0.50  50.32
"MSNK8" 4  28 32 26 34  1  1  1  1   0.52 104.11   1.71 112.67
"2M2S8" 2  28 32  2  2   0.35  63.55   1.49  40.48
"2MSK8" 3  28 32 34  2  1  1   0.22  38.18   0.91   7.55
"S8" 1  32  4   0.42 140.15   0.38 212.55
"3MNO9" 3  28 26 10  3  1  1   0.25 323.93   0.50  51.53
"4MO9" 2  28 10  4  1   0.25  74.08   0.34  86.42
"3MSK9" 3  28 32 17  3  1  1   0.41 192.89   0.24  75.99
"4MN10" 2  28 26  4  1   2.81 271.92   0.92 174.00
"M10" 1  28  5   2.16 302.22   0.58 211.84
"3MSN10" 3  28 32 26  3  1  1   1.13 319.04   0.37 232.53
"4MS10" 2  28 32  4  1   1.06 347.66   0.18 279.92
"2MNSK10" 4  28 26 32 34  2  1  1  1   0.63 345.33   0.34 346.50
"3M2S10" 2  28 32  3  2   1.03 288.15   0.76 296.71
"4MSO11" 3  28 32 10  4  1  1   0.28 122.67   0.25 319.25
"3M2SK11" 3  28 32 17  3  2  1   0.13 341.32   0.11  59.80
"5MN12" 2  28 26  5  1   0.17 109.63   0.34  16.20
