N
1  ILHA FISCAL
 22 53,8 S
 43 10,0 W
  3
 221      0
"Sa"             0   0   1   0   0   0   0   6,42  30,59
"Mm(-2)"         0   1   0  -1  -2   0   0   3,40 311,61
"Msf"            0   2  -2   0   0   0   0   2,13 131,43
"Mf(-3)"         0   2   0  -2  -1   0   0   1,54 332,01
"Mf"             0   2   0   0   0   0   0   1,74 338,73
"Mtm(-2)"        0   3   0  -3   0   0   0   1,25  26,00
"Mtm(1)"         0   3   0  -1   1   0   0   1,06 340,92
"2Q1(-2)"        1  -3   0   2  -2   0   1   0,15 205,14
"2Q1"            1  -3   0   2   0   0  -1   0,46  24,72
"SIGMA1"         1  -3   2   0   0   0  -1   0,50  50,19
"Q1(-2)"         1  -2   0   1  -2   0   1   0,26 232,42
"Q1(-1)"         1  -2   0   1  -1   0  -1   0,44  66,32
"Q1"             1  -2   0   1   0   0  -1   2,91  65,51
"RO1"            1  -2   2  -1   0   0  -1   0,34  66,27
"RO1(2)"         1  -2   2   1   1   0  -1   0,15 218,75
"O1(-1)"         1  -1   0   0  -1   0  -1   2,19  89,47
"O1"             1  -1   0   0   0   0  -1  11,06  88,38
"M1(-4)"         1   0   0  -1   0   0   1   0,37 131,49
"M1'"            1   0   0   0   0   0   0   0,57 214,13
"M1"             1   0   0   1   0   0   1   0,48 139,76
"M1(1)"          1   0   0   1   1   0   1   0,32 127,35
"QUI1"           1   0   2  -1   0   0   1   0,16  87,31
"PI1"            1   1  -3   0   0   1  -1   0,34 163,23
"P1"             1   1  -2   0   0   0  -1   2,13 140,55
"S1"             1   1  -1   0   0   0   2   0,85  86,25
"K1(-1)"         1   1   0   0  -1   0  -1   0,28 147,22
"K1"             1   1   0   0   0   0   1   6,36 146,18
"K1(1)"          1   1   0   0   1   0   1   0,76 133,31
"J1(2)"          1   2   0  -1   2   0   1   0,22  66,19
"2PO1(3)"        1   3  -4   2   0   0   1   0,13  14,83
"OO1(-3)"        1   3   0  -2  -1   0  -1   0,16  32,05
"OO1(-1)"        1   3   0  -2   1   0   1   0,16  66,06
"OO1"            1   3   0   0   0   0   1   0,20 314,76
"OO1(1)"         1   3   0   0   1   0   1   0,14 325,07
"2NS2(-1)"       2  -4   2   2  -1   0   2   0,19 183,84
"2M2S2"          2  -4   4   0   0   0   0   0,20 183,22
"OQ2"            2  -3   0   1   0   0   2   0,21 165,21
"OQ2(2)"         2  -3   0   3   0   0   0   0,29  83,12
"MNS2"           2  -3   2   1   0   0   0   0,46 104,41
"MNK2S2"         2  -3   4   1   0   0   0   0,25   6,02
"O2(-2)"         2  -2   0   0  -2   0   2   0,34 101,94
"2N2'"           2  -2   0   1   0   0  -1   0,35 277,86
"2N2"            2  -2   0   2   0   0   0   1,10 127,60
"MU2"            2  -2   2   0   0   0   0   1,72 108,08
"N2"             2  -1   0   1   0   0   0   4,28 124,62
"NU2"            2  -1   2  -1   0   0   0   0,64 113,65
"MTS2"           2   0  -1   0   0   1   0   0,82 142,50
"M2(-2)"         2   0   0   0  -2   0   0   0,84  22,66
"M2(-1)"         2   0   0   0  -1   0   2   1,81  87,83
"M2"             2   0   0   0   0   0   0  33,86  87,21
"KO2(1)"         2   0   0   0   1   0   0   1,13 359,22
"KO2(2)"         2   0   0   0   2   0   2   1,22  77,58
"KO2(3)"         2   0   0   2  -1   0   0   1,28 302,34
"M2(1)"          2   0   0   2   0   0   0   1,47 201,29
"M2(2)"          2   0   0   2   1   0   0   0,67  58,69
"MST2"           2   0   1   0   0  -1   0   0,60 254,80
"LAMBDA2"        2   1  -2   1   0   0   2   0,32 354,69
"L2"             2   1   0  -1   0   0   2   1,55  56,18
"2MN2(2)"        2   1   0   0   0  -1   0   1,20 327,06
"T2"             2   2  -3   0   0   1   0   0,82 143,42
"KP2(-2)"        2   2  -2   0  -2   0   0   0,39  92,84
"KP2(-1)"        2   2  -2   0  -1   0   2   0,59 236,40
"S2"             2   2  -2   0   0   0   0  18,01  91,39
"KP2(2)"         2   2  -2   0   2   0   2   0,39 142,10
"KP2(3)"         2   2  -2   2   0   0   0   0,31 217,43
"R2"             2   2  -1   0   0  -1   2   0,60 119,76
"K2"             2   2   0   0   0   0   0   5,86  82,45
"K2(1)"          2   2   0   0   1   0   0   1,77  81,62
"K2(2)"          2   2   0   0   2   0   0   0,38  70,73
"MSN2(3)"        2   3  -2   1   0   0   0   0,22 113,38
"MSN2(4)"        2   3  -2   1   2   0   2   0,17 128,00
"KJ"             2   3   0  -1   0   0   2   0,44 294,20
"KJ(1)"          2   3   0  -1   1   0   2   0,22 241,72
"2SM2"           2   4  -4   0   0   0   0   0,37 230,04
"2SN2(1)"        2   5  -4  -1   1   0   2   0,16  91,48
"NO3"            3  -2   0   1   0   0   1   0,12 238,59
"MO3(-2)"        3  -1   0   0  -2   0   1   0,13 142,52
"MO3(-1)"        3  -1   0   0  -1   0  -1   0,13 167,47
"MO3"            3  -1   0   0   0   0  -1   0,39  65,68
"MO3(1)"         3  -1   0   2  -1   0  -1   0,15 243,98
"MO3(2)"         3  -1   0   2   0   0   1   0,15 307,49
"NK3(-4)"        3   0   0  -1  -1   0  -1   0,08 231,80
"M3"             3   0   0   0   0   0   2   0,65 195,91
"NK3(-1)"        3   0   0   1  -1   0  -1   0,09 243,46
"NK3(1)"         3   0   0   1   1   0  -1   0,10 312,81
"NK3(2)"         3   0   0   1   2   0  -1   0,12 208,85
"SO3"            3   1  -2   0   0   0  -1   0,31 154,53
"SO3(2)"         3   1  -2   2   0   0   1   0,13 169,92
"MK3"            3   1   0   0   0   0   1   0,23 151,83
"2MQ3(-2)"       3   2   0  -1  -2   0   1   0,09 280,86
"2MQ3"           3   2   0  -1   0   0   1   0,11   0,56
"2MQ3(3)"        3   2   0   1   0   0   1   0,07   9,29
"2MQ3(5)"        3   2   0   1   3   0  -1   0,08 125,10
"SP3"            3   3  -4   0   0   2  -1   0,26  82,23
"S3"             3   3  -3   0   0   0   2   0,13 215,97
"SK3"            3   3  -2   0   0   0   1   0,40 223,78
"SK3(1)"         3   3  -2   0   1   0   1   0,09 145,76
"N4"             4  -2   0   2   0   0   0   0,62 346,73
"3MS4"           4  -2   2   0   0   0   0   0,39 313,46
"MN4(-1)"        4  -1   0   1  -1   0   2   0,13  28,01
"MN4"            4  -1   0   1   0   0   0   2,39  36,48
"M(NU)4(-1)"     4  -1   2  -1  -1   0   2   0,13 141,88
"M(NU)4"         4  -1   2  -1   0   0   0   0,44  40,91
"M(NU)4(2)"      4  -1   2   1   1   0   2   0,14  55,70
"2MSK4(-3)"      4   0  -2   0  -3   0   2   0,20 277,63
"2MSK4"          4   0  -2   0   0   0   0   0,20  12,02
"2MTS4"          4   0  -1   0   0   1   0   0,23 178,97
"M4(-3)"         4   0   0   0  -3   0   2   0,20 121,17
"M4(-1)"         4   0   0   0  -1   0   2   0,24 106,60
"M4"             4   0   0   0   0   0   0   5,38  83,48
"M4(1)"          4   0   0   2  -1   0   2   0,18 121,99
"M4(2)"          4   0   0   2   0   0   0   0,19 244,78
"2MKT4(-1)"      4   0   3   0  -1  -1   2   0,17  43,56
"2MKT4(2)"       4   0   3   0   2  -1   0   0,15 144,59
"SN4"            4   1  -2   1   0   0   0   0,43 150,45
"3MN4"           4   1   0  -1   0   0   0   0,63 295,21
"3MN4(3)"        4   1   0   1   0   0   0   0,26 128,41
"MS4(-1)"        4   2  -2   0  -1   0   2   0,18 352,42
"MS4"            4   2  -2   0   0   0   0   2,57 178,93
"MS4(1)"         4   2  -2   2   0   0   0   0,18  99,83
"MK4"            4   2   0   0   0   0   0   0,74 175,34
"SL4"            4   3  -2  -1   0   0   2   0,32 221,06
"S4"             4   4  -4   0   0   0   0   0,23  37,74
"2NO5(-1)"       5  -3   0   2  -1   0  -1   0,04 267,45
"2NO5"           5  -3   0   2   0   0  -1   0,05 302,14
"MNO5"           5  -2   0   1   0   0  -1   0,13   2,77
"MO5(1)"         5  -2   0   3   0   0   1   0,05 270,95
"2MO5"           5  -1   0   0   0   0  -1   0,14  39,11
"MSM5(-4)"       5   2  -2  -1  -2   0  -1   0,04 320,39
"MSM5(-2)"       5   2  -2  -1   0   0   1   0,06 235,78
"MSK5"           5   3  -2   0   0   0   1   0,10 330,00
"2M2NS6(-2)"     6  -4   2   0  -2   0   2   0,03 124,78
"2NM6"           6  -2   0   2   0   0   0   0,05 273,70
"4MS6"           6  -2   2   0   0   0   0   0,05 288,71
"2MN6"           6  -1   0   1   0   0   0   0,07  21,18
"2M(NU)6(-1)"    6  -1   2  -1  -1   0   2   0,04 140,54
"3MSK6(2)"       6   0  -2   2   0   0   0   0,03   1,95
"M6(-2)"         6   0   0   0  -2   0   0   0,04 257,02
"M6"             6   0   0   0   0   0   0   0,10 111,18
"MSN6(-1)"       6   1  -2   1  -1   0   2   0,04 345,50
"MSN6"           6   1  -2   1   0   0   0   0,05  60,77
"4MN6"           6   1   0  -1   0   0   0   0,05 311,40
"4MN6(3)"        6   1   0   1   0   0   0   0,04   2,08
"2MS6(-2)"       6   2  -2   0  -2   0   0   0,03 310,34
"2MS6(-1)"       6   2  -2   0  -1   0   2   0,07  48,48
"2MS6"           6   2  -2   0   0   0   0   0,06 187,84
"2MS6(2)"        6   2  -2   2   1   0   0   0,03  84,92
"2MK6"           6   2   0   0   0   0   0   0,04 172,97
"3MSN6(-2)"      6   3  -2  -1  -2   0   0   0,05 146,60
"3MSN6"          6   3  -2  -1   0   0   0   0,04 292,06
"MKL6(6)"        6   3   0   1   2   0   0   0,04 164,89
"2MS6(-1)"       6   4  -4   0  -1   0   2   0,04 327,15
"2SM6(1)"        6   4  -4   2   0   0   0   0,04 212,61
"2SM6(2)"        6   4  -4   2   1   0   0   0,04  38,04
"MSK6"           6   4  -2   0   0   0   0   0,07 295,89
"3MNOS7(2)"      7  -4   2   3   0   0   1   0,03 144,05
"3MNOS7(3)"      7  -4   2   3   1   0   1   0,02  41,69
"4MOS7(-2)"      7  -3   2   0  -2   0   1   0,03  82,12
"4MOS7(-1)"      7  -3   2   0  -1   0  -1   0,04 169,19
"4MOS7"          7  -3   2   0   0   0  -1   0,04  17,63
"4MOS7(1)"       7  -3   2   0   1   0  -1   0,04 269,75
"4MOS7(2)"       7  -3   2   2  -1   0  -1   0,03 203,47
"4MOS7(3)"       7  -3   2   2   0   0   1   0,02 259,13
"3MNKS7"         7  -2   2   1  -1   0  -1   0,03 276,09
"3MNKS7(1)"      7  -2   2   1   0   0   1   0,03 317,90
"3MNKS7(2)"      7  -2   2   1   1   0   1   0,04 180,98
"3MNKS7(3)"      7  -2   2   1   2   0   1   0,04  72,61
"3M07(2)"        7  -1   0   2   0   0   1   0,02 266,98
"2MSO7(1)"       7   1  -2   0   0   0  -1   0,03 235,66
"2MSO7(2)"       7   1  -2   2  -1   0  -1   0,03 246,37
"2MSP7"          7   3  -4   0   0   2  -1   0,04 184,28
"2MKK7(-1)"      7   3   0   0  -1   0  -1   0,04  35,67
"2M2N8"          8  -2   0   2   0   0   0   0,05  92,26
"3MN8"           8  -1   0   1   0   0   0   0,08 153,77
"M8(-3)"         8   0   0   0  -3   0   0   0,04 149,35
"M8(-2)"         8   0   0   0  -2   0   0   0,03 347,40
"M8"             8   0   0   0   0   0   0   0,08 197,04
"2MSN8(-3)"      8   1  -2  -1  -2   0   2   0,04 281,56
"2MSN8"          8   1  -2   1   0   0   0   0,05 276,81
"2MNK8(-4)"      8   1   0  -1  -2   0   2   0,03 341,27
"2MNK8"          8   1   0   1   0   0   0   0,04 285,17
"3MS8(-1)"       8   2  -2   0  -1   0   2   0,03 137,73
"3MS8"           8   2  -2   0   0   0   0   0,06 315,92
"3MK8"           8   2   0   0   0   0   0   0,07 334,97
"3MK8(1)"        8   2   0   0   1   0   0   0,04 203,30
"MSNK8(-1)"      8   3  -2  -1  -1   0   2   0,04 308,71
"2M2S8"          8   4  -4   0   0   0   0   0,08 130,09
"2M2S8(1)"       8   4  -4   2   0   0   0   0,03 265,27
"2MSK8"          8   4  -2   0   0   0   0   0,03 121,47
"S8"             8   8  -8   0   0   0   0   0,07 181,82
"3MNO9(-4)"      9  -2   0  -1  -3   0   1   0,02 134,44
"3MNO9(-1)"      9  -2   0   1  -1   0   1   0,02 272,94
"3MNO9"          9  -2   0   1   0   0  -1   0,02 331,56
"4MO9(-3)"       9  -1   0   0  -3   0   1   0,03 274,79
"4MO9(-2)"       9  -1   0   0  -2   0   1   0,02  33,02
"3MSK9(3)"       9   3  -2   2   0   0   1   0,03  20,87
"4SK9"           9   9  -8   0   0   0   1   0,06 187,76
"4MN10(-2)"     10  -1   0   1  -2   0   0   0,02 246,75
"4MN10(-1)"     10  -1   0   1  -1   0   2   0,02 287,71
"4MN10"         10  -1   0   1   0   0   0   0,04 321,55
"3MSN10"        10   1  -2   1   0   0   0   0,03  36,58
"4MS10"         10   2  -2   0   0   0   0   0,03  57,37
"3M2S10(-1)"    10   4  -4   0  -1   0   2   0,02 243,77
"3MSK10(1)"     10   4  -2   0   1   0   0   0,03 193,12
"3MSK10(3)"     10   4  -2   2   0   0   0   0,02  12,34
"4MNO11(-4)"    11  -2   0  -1  -3   0   1   0,03 243,11
"4MNO11(-1)"    11  -2   0   1  -1   0  -1   0,02 116,46
"4MNK11(-4)"    11   0   0  -1  -2   0  -1   0,02  28,66
"5MK11(-3)"     11   1   0   0  -3   0  -1   0,03 241,90
"5MK11(-2)"     11   1   0   0  -2   0   1   0,04 303,62
"5MK11(-1)"     11   1   0   0  -1   0  -1   0,05 354,14
"5MK11"         11   1   0   0   0   0   1   0,05  64,36
"5MK11(2)"      11   1   0   0   2   0  -1   0,04   8,42
"4MSK11(-2)"    11   3  -2   0  -2   0   1   0,03  20,70
"4M2S12"        12   4  -4   0   0   0   0   0,04 116,48
"5SK11"         11  11 -10   0   0   0   1   0,03 242,33
"M12"           12   0   0   0   0   0   0   0,04 296,20
"4MSN12"        12   1  -2   1   0   0   0   0,06 353,56
"5MS12"         12   2  -2   0   0   0   0   0,04  38,51
"3MNKS12(2)"    12   3  -2   1   2   0   0   0,04 179,12
"4M2S12"        12   4  -4   0   0   0   0   0,04 116,48
