









                      ANÁLISE HARMÔNICA REFINADA DA MARÉ




                        ESTAÇÃO MAREGRÁFICA:CANANEIA
                        LATITUDE: 25   1.0 S
                        LONGITUDE: 47  55.5 W
                        FUSO HORÀRIO: 3 
                        HORA INICIAL:  12.00000
                        DATA: 3 / 1 / 1955 
                        No. DE DIAS DA ANÁLISE: 13872.00
                        NIVEL 'MÉDIO':  159.00 cm
                        % PARA A REJEIÇÃO DE PEQUENAS COMPONENTES:  99%








































                           CICLOS POR DIA:   0
                           GRAUS DE LIBERDADE: 2920 
                           VARIÂNCIA:261.25
                           DESVIO PADRÃO:  2.38 cm


                        ESPECTRO DE AMPLITUDES RESIDUAIS

     Gr./h    Res.   Gr./h    Res.   Gr./h    Res.   Gr./h    Res.   Gr./h    Res.

      0.038   0.64    0.039   1.01    0.040   0.10    0.041   1.08    0.042   0.32
      0.043   1.39    0.044   0.90    0.045   2.21    0.046   0.96    0.048   1.44
      0.049   1.58    0.050   0.70    0.051   0.64    0.052   1.76    0.053   1.57
      0.054   0.95    0.055   0.96    0.056   0.97    0.057   0.40    0.058   0.70
      0.059   0.56    0.061   0.41    0.062   0.39    0.063   0.44    0.064   0.38
      0.065   0.23    0.066   0.86    0.067   0.82    0.068   0.39    0.069   0.32
      0.070   1.31    0.071   1.53    0.072   1.07    0.074   0.91    0.075   0.87
      0.076   0.54    0.077   0.25    0.078   0.66    0.079   1.43    0.080   0.91
      0.081   0.31    0.082   0.40    0.083   0.36    0.084   0.80    0.085   0.33
      0.087   0.19    0.088   0.37    0.089   0.40    0.090   0.24    0.091   0.18
      0.092   0.53    0.093   0.89    0.094   0.94    0.095   1.35    0.096   1.10
      0.097   0.63    0.098   0.11    0.099   0.55    0.101   0.83    0.102   0.50
      0.103   0.40    0.104   0.72    0.105   1.05    0.106   0.59    0.107   0.44
      0.108   0.34    0.109   0.47    0.110   0.63    0.111   0.56    0.112   0.42
      0.114   0.57    0.115   0.80    0.116   0.67    0.117   0.13    0.118   0.73
      0.119   1.11    0.120   0.65    0.121   0.20    0.122   0.71    0.123   1.08
      0.124   0.68    0.125   0.45    0.127   0.60    0.128   0.35    0.129   0.26
      0.130   0.58    0.131   0.40    0.132   0.38    0.133   0.65    0.134   1.19
      0.135   0.65    0.136   0.43    0.137   0.95    0.138   0.88    0.139   0.28
      0.141   0.22    0.142   0.37    0.143   0.36    0.144   0.71    0.145   0.49
      0.146   0.21    0.147   0.27    0.148   0.52    0.149   0.58    0.150   0.37
      0.151   0.23    0.152   0.22    0.154   0.27    0.155   0.59    0.156   0.58
      0.157   0.23    0.158   0.50    0.159   1.05    0.160   1.02    0.161   0.64
      0.162   0.84    0.163   1.01    0.164   0.42    0.165   0.32    0.167   0.33
      0.168   0.45    0.169   0.16    0.170   0.62    0.171   0.50    0.172   0.33
      0.173   0.74    0.174   0.54    0.175   0.31    0.176   0.35    0.177   0.09
      0.178   0.52    0.179   0.39    0.181   0.11    0.182   0.36    0.183   0.45
      0.184   0.41    0.185   0.68    0.186   0.73    0.187   0.58    0.188   0.64
      0.189   0.34    0.190   0.09    0.191   0.35    0.192   0.24    0.194   0.48
      0.195   0.57    0.196   0.31    0.197   0.37    0.198   0.19    0.199   0.51
      0.200   0.82    0.201   0.23    0.202   0.40    0.203   0.49    0.204   0.84
      0.205   1.26    0.207   0.47    0.208   0.59    0.209   0.55    0.210   0.45
      0.211   0.26    0.212   0.69    0.213   0.33    0.214   0.21    0.215   0.12
      0.216   0.78    0.217   1.01    0.218   0.74    0.220   0.60    0.221   0.61
      0.222   0.81    0.223   0.67    0.224   0.49    0.225   0.79    0.226   0.97
      0.227   0.91    0.228   0.74    0.229   0.56    0.230   0.35    0.231   0.33
      0.232   0.18    0.234   0.77    0.235   0.50    0.236   0.51    0.237   0.44
      0.238   0.43    0.239   0.85    0.240   0.64    0.241   0.22    0.242   0.12
      0.243   0.21    0.244   0.27    0.245   0.84    0.247   1.16    0.248   0.66
      0.249   0.06    0.250   0.23    0.251   0.17    0.252   0.14    0.253   0.56
      0.254   0.92    0.255   1.04    0.256   0.78    0.257   0.21    0.258   0.51
      0.260   0.43    0.261   0.36    0.262   0.61    0.263   0.76    0.264   0.63
      0.265   0.40    0.266   0.37    0.267   0.11    0.268   0.08    0.269   0.37
      0.270   0.50    0.271   0.48    0.272   0.09    0.274   0.58    0.275   0.94
      0.276   0.96    0.277   0.83    0.278   0.25    0.279   0.95    0.280   0.99
      0.281   0.25    0.282   0.93    0.283   1.28    0.284   0.92    0.285   0.59
      0.287   0.17    0.288   0.35    0.289   0.48    0.290   0.94    0.291   0.95
      0.292   0.78    0.293   0.77    0.294   0.76    0.295   0.38    0.296   0.57
      0.297   0.99    0.298   0.92    0.300   0.53    0.301   0.15    0.302   0.48
      0.303   0.43    0.304   0.60    0.305   0.76    0.306   0.53    0.307   0.19
      0.308   0.61    0.309   0.38    0.310   0.38    0.311   0.68    0.313   0.30
      0.314   0.36    0.315   0.58    0.316   0.48    0.317   0.70    0.318   1.33
      0.319   0.90    0.320   0.77    0.321   0.77    0.322   0.98    0.323   0.89
      0.324   0.43    0.325   0.53    0.327   0.75    0.328   0.25    0.329   0.02
      0.330   0.05    0.331   0.11    0.332   0.55    0.333   0.79    0.334   0.70
      0.335   0.42    0.336   0.27    0.337   0.09    0.338   0.76    0.340   1.25
      0.341   0.65    0.342   0.63    0.343   0.82    0.344   0.56    0.345   0.88
      0.346   0.41    0.347   0.60    0.348   0.84    0.349   0.35    0.350   1.15
      0.351   0.64    0.353   0.18    0.354   0.37    0.355   0.53    0.356   0.60
      0.357   0.07    0.358   0.36    0.359   0.64    0.360   0.66    0.361   0.49
      0.362   0.56    0.363   0.52    0.364   0.52    0.365   0.03    0.367   0.47
      0.368   0.07    0.369   0.82    0.370   0.73    0.371   0.52    0.372   0.48
      0.373   0.51    0.374   0.41    0.375   0.36    0.376   0.93    0.377   0.98
      0.378   0.48    0.380   0.59    0.381   0.99    0.382   0.53    0.383   0.17
      0.384   0.49    0.385   0.76    0.386   0.88    0.387   0.98    0.388   1.00
      0.389   0.75    0.390   0.34    0.391   0.70    0.393   0.90    0.394   0.58
      0.395   0.44    0.396   0.45    0.397   0.24    0.398   0.08    0.399   0.08
      0.400   0.11    0.401   0.30    0.402   0.74    0.403   0.22    0.404   0.31
      0.405   0.26    0.407   0.15    0.408   0.26    0.409   0.69    0.410   0.99
      0.411   0.67    0.412   0.30    0.413   0.55    0.414   0.67    0.415   0.63
      0.416   0.96    0.417   0.92    0.418   0.33    0.420   0.57    0.421   0.55
      0.422   0.49    0.423   0.78    0.424   0.35    0.425   0.58    0.426   0.31
      0.427   0.65    0.428   0.93    0.429   0.79    0.430   0.85    0.431   0.19
      0.433   0.69    0.434   0.71    0.435   0.32    0.436   0.16    0.437   0.29
      0.438   0.53    0.439   0.32    0.440   0.59    0.441   0.84    0.442   0.48
      0.443   0.54    0.444   0.47    0.446   0.97    0.447   0.74    0.448   0.53
      0.449   0.53    0.450   0.81    0.451   0.55    0.452   0.70    0.453   0.98
      0.454   0.93    0.455   0.58    0.456   0.40    0.457   0.79    0.458   0.89
      0.460   0.95    0.461   0.77    0.462   0.36    0.463   0.12    0.464   0.23
      0.465   0.34    0.466   0.54    0.467   0.85    0.468   0.77    0.469   0.71
      0.470   1.00    0.471   0.65    0.473   0.36    0.474   0.49    0.475   0.17
      0.476   0.53    0.477   0.46    0.478   0.39    0.479   0.97    0.480   1.31
      0.481   0.72    0.482   0.14    0.483   0.14    0.484   0.23    0.486   0.38
      0.487   0.24    0.488   0.12    0.489   0.29    0.490   0.35    0.491   0.26
      0.492   0.68    0.493   0.52    0.494   0.58    0.495   0.24    0.496   0.24
      0.497   0.11    0.498   0.33    0.500   0.10    0.501   0.51    0.502   0.19
      0.503   0.24    0.504   0.48    0.505   0.13    0.506   0.24    0.507   0.32
      0.508   0.64    0.509   0.63    0.510   0.84    0.511   0.51    0.513   0.09
      0.514   0.40    0.515   0.41    0.516   0.47    0.517   0.77    0.518   0.75
      0.519   0.73    0.520   0.60    0.521   0.78    0.522   0.55    0.523   0.77
      0.524   0.88    0.526   0.50    0.527   0.48    0.528   0.35    0.529   0.38
      0.530   0.91    0.531   1.04    0.532   0.70    0.533   0.85    0.534   0.78
      0.535   0.43    0.536   0.34    0.537   0.06    0.538   0.04    0.540   0.01
      0.541   0.07    0.542   0.09    0.543   0.08    0.544   0.04    0.545   0.22
      0.546   0.21    0.547   0.44    0.548   1.17    0.549   1.60    0.550   1.36
      0.551   0.51    0.553   0.19    0.554   0.20    0.555   0.08    0.556   0.21
      0.557   0.18    0.558   0.42    0.559   0.73    0.560   0.75    0.561   0.96
      0.562   0.71    0.563   0.58    0.564   0.67    0.566   0.79    0.567   0.88
      0.568   0.67    0.569   0.23    0.570   0.19    0.571   0.34    0.572   0.32
      0.573   0.39    0.574   0.17    0.575   0.26    0.576   0.33    0.577   0.26
      0.579   0.23    0.580   0.16    0.581   0.77    0.582   0.56    0.583   0.58
      0.584   0.75    0.585   0.73    0.586   0.18    0.587   0.36    0.588   0.13
      0.589   0.42    0.590   0.38    0.591   0.78    0.593   0.50    0.594   0.44
      0.595   0.40    0.596   0.41    0.597   0.41    0.598   0.49    0.599   0.39
      0.600   0.78    0.601   0.51    0.602   0.02    0.603   0.04    0.604   0.17
      0.606   0.32    0.607   0.61    0.608   0.51    0.609   0.22    0.610   0.93
      0.611   1.00    0.612   0.54    0.613   0.55    0.614   0.22    0.615   0.30
      0.616   0.22    0.617   0.64    0.619   0.44    0.620   0.33    0.621   0.37
      0.622   0.37    0.623   0.06    0.624   0.38    0.625   0.76    0.626   0.71
      0.627   0.49    0.628   0.12    0.629   0.08    0.630   0.59    0.631   0.49
      0.633   0.46    0.634   0.58    0.635   0.02    0.636   0.46    0.637   0.38
      0.638   0.21    0.639   0.80    0.640   0.55    0.641   0.70    0.642   0.73
      0.643   0.27    0.644   0.44    0.646   0.27    0.647   0.21    0.648   0.25
      0.649   0.25    0.650   0.33    0.651   0.90    0.652   0.95    0.653   0.87
      0.654   0.74    0.655   0.31    0.656   0.66    0.657   0.79    0.659   0.41
      0.660   0.54    0.661   0.58    0.662   0.35    0.663   0.68    0.664   0.47
      0.665   0.27    0.666   0.16    0.667   0.22    0.668   0.72    0.669   0.76
      0.670   0.08    0.671   0.37    0.673   0.09    0.674   0.54    0.675   0.87
      0.676   0.45    0.677   0.51    0.678   0.76    0.679   0.88    0.680   0.78
      0.681   0.51    0.682   0.53    0.683   0.15    0.684   0.78    0.686   0.89
      0.687   0.43    0.688   0.52    0.689   0.61    0.690   0.88    0.691   1.05
      0.692   0.64    0.693   0.19    0.694   0.28    0.695   0.77    0.696   0.59
      0.697   0.73    0.699   0.28    0.700   0.26    0.701   0.30    0.702   0.45
      0.703   0.76    0.704   0.27    0.705   0.30    0.706   0.60    0.707   0.61
      0.708   0.48    0.709   0.55    0.710   0.40    0.712   0.38    0.713   0.30
      0.714   0.79    0.715   0.87    0.716   0.89    0.717   0.37    0.718   0.63
      0.719   0.66    0.720   0.67    0.721   0.79    0.722   0.77    0.723   0.39
      0.724   0.27    0.726   0.73    0.727   1.02    0.728   0.58    0.729   0.79
      0.730   0.65    0.731   0.39    0.732   0.52    0.733   0.13    0.734   0.23
      0.735   0.60    0.736   0.85    0.737   0.95    0.739   0.55    0.740   0.43
      0.741   0.18    0.742   0.41    0.743   1.10    0.744   1.06    0.745   0.50
      0.746   0.08    0.747   0.13    0.748   0.03    0.749   0.06    0.750   0.24
      0.752   0.26    0.753   0.27    0.754   0.29    0.755   0.55    0.756   0.64
      0.757   0.76    0.758   0.29    0.759   0.46    0.760   1.01    0.761   1.16
      0.762   1.00    0.763   1.07    0.764   0.55    0.766   0.46    0.767   0.52
      0.768   0.51    0.769   0.39    0.770   0.27    0.771   0.37    0.772   0.11
      0.773   0.49    0.774   0.43    0.775   0.60    0.776   0.67    0.777   0.62
      0.779   0.31    0.780   0.33    0.781   0.35    0.782   0.30    0.783   0.59
      0.784   1.03    0.785   0.72    0.786   0.69    0.787   0.41    0.788   0.38
      0.789   0.52    0.790   0.32    0.792   0.20    0.793   0.20    0.794   0.44
      0.795   0.41    0.796   0.18    0.797   0.20    0.798   0.36    0.799   0.34
      0.800   0.22    0.801   0.29    0.802   0.03    0.803   0.56    0.804   1.31
      0.806   1.26    0.807   0.84    0.808   0.62    0.809   0.60    0.810   0.53
      0.811   0.30    0.812   0.28    0.813   0.25    0.814   0.50    0.815   0.57
      0.816   0.39    0.817   0.62    0.819   0.53    0.820   0.36    0.821   0.37
      0.822   0.33    0.823   0.60    0.824   0.41    0.825   0.27    0.826   0.29
      0.827   0.62    0.828   0.22    0.829   0.24    0.830   0.71    0.832   0.36
      0.833   0.24    0.834   0.39    0.835   0.51    0.836   0.29    0.837   1.06
      0.838   0.26    0.839   0.77    0.840   0.44    0.841   0.33    0.842   0.11
      0.843   0.42    0.845   0.59    0.846   0.69    0.847   0.50    0.848   0.40
      0.849   0.52    0.850   0.19    0.851   0.69    0.852   0.96    0.853   1.07
      0.854   0.70    0.855   0.30    0.856   0.38    0.857   0.63    0.859   0.89
      0.860   1.06    0.861   0.73    0.862   0.72    0.863   0.41    0.864   0.25
      0.865   0.16    0.866   0.28    0.867   0.49    0.868   0.34    0.869   0.41
      0.870   0.70    0.872   0.71    0.873   0.22    0.874   0.59    0.875   0.61
      0.876   0.21    0.877   0.79    0.878   0.90    0.879   0.80    0.880   0.96
      0.881   0.87    0.882   0.89    0.883   0.64    0.885   0.25    0.886   0.80
      0.887   0.66    0.888   0.80    0.889   1.00    0.890   0.61    0.891   0.19
      0.892   0.05    0.893   0.40    0.894   0.65    0.895   0.95    0.896   0.78
      0.897   0.49    0.899   0.26    0.900   0.39    0.901   0.78    0.902   0.65
      0.903   0.26    0.904   0.19    0.905   0.18    0.906   0.66    0.907   0.84
      0.908   0.45    0.909   0.37    0.910   0.51    0.912   0.17    0.913   0.09
      0.914   0.34    0.915   0.54    0.916   0.42    0.917   0.59    0.918   0.79
      0.919   0.90    0.920   1.01    0.921   0.70    0.922   0.17    0.923   0.48
      0.925   0.42    0.926   0.20    0.927   0.66    0.928   0.55    0.929   0.13
      0.930   0.22    0.931   0.28    0.932   0.39    0.933   0.51    0.934   0.60
      0.935   0.63    0.936   0.47    0.938   0.34    0.939   0.19    0.940   0.21
      0.941   0.43    0.942   0.39    0.943   0.50    0.944   0.56    0.945   0.37
      0.946   0.42    0.947   0.44    0.948   0.71    0.949   0.23    0.950   1.03
      0.952   1.08    0.953   0.48    0.954   0.54    0.955   0.60    0.956   0.36
      0.957   0.27    0.958   0.32    0.959   0.10    0.960   0.18    0.961   0.14
      0.962   0.27    0.963   0.29    0.965   0.51    0.966   0.56    0.967   0.67
      0.968   0.35    0.969   0.73    0.970   0.96    0.971   0.97    0.972   0.73
      0.973   0.36    0.974   0.64    0.975   1.09    0.976   0.73    0.978   0.43
      0.979   0.51    0.980   0.70    0.981   0.99    0.982   1.07    0.983   0.43
      0.984   0.80    0.985   1.00    0.986   0.59    0.987   0.22    0.988   0.27
      0.989   0.58    0.990   0.48    0.992   0.50    0.993   0.61    0.994   0.66
      0.995   0.49    0.996   0.40    0.997   0.25    0.998   0.57    0.999   1.03
      1.000   0.83    1.001   0.42    1.002   0.59    1.003   0.38    1.005   0.94
      1.006   0.33    1.007   0.27    1.008   0.57    1.009   0.48    1.010   0.47
      1.011   0.16    1.012   0.13    1.013   0.13    1.014   0.39    1.015   0.31
      1.016   0.44    1.018   0.41    1.019   0.32    1.020   0.20    1.021   0.03
      1.022   0.16    1.023   0.47    1.024   0.72    1.025   0.15    1.026   0.54
      1.027   0.64    1.028   0.42    1.029   0.76    1.030   0.40    1.032   0.22
      1.033   0.36    1.034   0.71    1.035   0.67    1.036   0.46    1.037   0.87
      1.038   0.69    1.039   0.39    1.040   0.37    1.041   0.33    1.042   0.71
      1.043   0.90    1.045   0.92    1.046   0.95    1.047   0.22    1.048   0.89
      1.049   0.99    1.050   0.85    1.051   0.74    1.052   0.58    1.053   0.52
      1.054   0.57    1.055   0.06    1.056   0.64    1.058   1.00    1.059   0.80
      1.060   0.54    1.061   0.76    1.062   0.83    1.063   0.63    1.064   0.47
      1.065   0.64    1.066   0.15    1.067   0.16    1.068   0.40    1.069   0.59
      1.071   0.59    1.072   0.90    1.073   0.82    1.074   0.29    1.075   0.45
      1.076   0.71    1.077   0.52    1.078   0.51    1.079   0.07    1.080   0.21
      1.081   0.46    1.082   0.34    1.083   0.31    1.085   0.15    1.086   0.10
      1.087   0.04    1.088   0.04    1.089   0.07    1.090   0.12    1.091   0.37
      1.092   0.73    1.093   0.76    1.094   0.23    1.095   0.08    1.096   0.31
      1.098   0.24    1.099   0.48    1.100   0.47    1.101   0.31    1.102   0.38
      1.103   0.02    1.104   0.06    1.105   0.12    1.106   0.41    1.107   0.22
      1.108   0.15    1.109   0.17    1.111   0.35    1.112   0.67    1.113   0.30
      1.114   0.37    1.115   0.74    1.116   0.83    1.117   0.39    1.118   0.56
      1.119   0.41    1.120   0.58    1.121   1.01    1.122   0.86    1.123   0.63
      1.125   0.89    1.126   0.90    1.127   1.00    1.128   0.77    1.129   0.33
      1.130   0.49    1.131   0.52    1.132   0.18    1.133   0.25    1.134   0.36
      1.135   0.23    1.136   0.60    1.138   0.83    1.139   0.63    1.140   0.32
      1.141   0.78    1.142   0.64    1.143   0.55    1.144   0.69    1.145   0.27
      1.146   0.18    1.147   0.38    1.148   0.36    1.149   0.18    1.151   0.48
      1.152   0.58    1.153   0.29    1.154   0.72    1.155   0.48    1.156   0.65
      1.157   0.27    1.158   0.71    1.159   0.78    1.160   0.40    1.161   0.52
      1.162   0.34    1.163   0.22    1.165   0.44    1.166   0.56    1.167   0.43
      1.168   0.41    1.169   0.35    1.170   0.91    1.171   0.83    1.172   0.32
      1.173   0.36    1.174   0.59    1.175   0.78    1.176   0.74    1.178   0.64
      1.179   0.21    1.180   0.25    1.181   0.52    1.182   0.70    1.183   0.40
      1.184   0.06    1.185   0.27    1.186   0.27    1.187   0.69    1.188   0.40
      1.189   0.57    1.191   0.49    1.192   0.46    1.193   0.54    1.194   0.64
      1.195   0.97    1.196   0.45    1.197   0.23    1.198   0.72    1.199   0.75
      1.200   0.49    1.201   0.59    1.202   0.74    1.204   0.61    1.205   0.30
      1.206   0.12    1.207   0.32    1.208   0.78    1.209   0.47    1.210   0.37
      1.211   0.60    1.212   0.77    1.213   0.81    1.214   0.65    1.215   0.41
      1.216   0.54    1.218   0.68    1.219   0.46    1.220   0.78    1.221   0.40
      1.222   0.66    1.223   0.30    1.224   0.16    1.225   0.32    1.226   0.43
      1.227   0.40    1.228   0.32    1.229   0.67    1.231   0.63    1.232   0.18
      1.233   0.75    1.234   1.30    1.235   0.69    1.236   0.31    1.237   0.26
      1.238   0.88    1.239   1.00    1.240   0.28    1.241   0.42    1.242   0.56
      1.244   0.92    1.245   1.25    1.246   0.58    1.247   0.18    1.248   0.48
      1.249   0.68    1.250   0.25    1.251   0.49    1.252   0.57    1.253   0.49
      1.254   0.41    1.255   0.48    1.256   0.35    1.258   0.05    1.259   0.14
      1.260   0.30    1.261   0.35    1.262   0.17    1.263   0.17    1.264   0.09
      1.265   0.18    1.266   0.19    1.267   0.23    1.268   0.61    1.269   0.83
      1.271   0.51    1.272   0.25    1.273   0.53    1.274   0.19    1.275   0.36
      1.276   0.15    1.277   0.25    1.278   0.71    1.279   0.90    1.280   0.60
      1.281   0.69    1.282   0.33    1.284   0.14    1.285   0.50    1.286   0.83
      1.287   0.35    1.288   0.65    1.289   0.45    1.290   0.45    1.291   0.63
      1.292   0.92    1.293   0.59    1.294   0.68    1.295   0.61    1.296   0.70
      1.298   0.87    1.299   0.92    1.300   0.99    1.301   0.73    1.302   0.65
      1.303   0.62    1.304   0.28    1.305   0.42    1.306   0.15    1.307   0.16
      1.308   0.16    1.309   0.51    1.311   0.82    1.312   0.37    1.313   0.23
      1.314   0.40    1.315   0.20    1.316   0.55    1.317   0.50    1.318   0.56
      1.319   0.41    1.320   0.39    1.321   0.74    1.322   0.43    1.324   0.41
      1.325   0.61    1.326   0.26    1.327   0.18    1.328   0.68    1.329   0.76
      1.330   0.95    1.331   0.82    1.332   0.72    1.333   0.36    1.334   0.34
      1.335   0.59    1.337   0.56    1.338   0.64    1.339   0.36    1.340   0.16
      1.341   0.48    1.342   0.49    1.343   0.25    1.344   0.26    1.345   0.36
      1.346   0.45    1.347   0.71    1.348   0.61    1.349   0.17    1.351   0.28
      1.352   0.01    1.353   0.38    1.354   0.32    1.355   0.15    1.356   0.03
      1.357   0.28    1.358   0.52    1.359   0.42    1.360   0.24    1.361   0.53
      1.362   0.63    1.364   1.02    1.365   0.41    1.366   0.41    1.367   0.30
      1.368   0.25    1.369   0.37    1.370   0.07    1.371   0.58    1.372   0.37
      1.373   0.33    1.374   0.47    1.375   0.33    1.377   0.54    1.378   0.44
      1.379   0.11    1.380   0.28    1.381   0.52    1.382   0.55    1.383   0.59
      1.384   0.22    1.385   0.37    1.386   0.37    1.387   0.17    1.388   0.22
      1.389   0.28    1.391   0.31    1.392   0.44    1.393   0.38    1.394   0.42
      1.395   0.76    1.396   0.81    1.397   0.60    1.398   0.44    1.399   0.41
      1.400   0.57    1.401   0.57    1.402   0.22    1.404   0.25    1.405   0.41
      1.406   0.15    1.407   0.33    1.408   0.47    1.409   0.54    1.410   0.20
      1.411   0.32    1.412   0.85    1.413   0.45    1.414   0.87    1.415   1.31
      1.417   0.76    1.418   0.23    1.419   0.09    1.420   0.34    1.421   0.55
      1.422   0.14    1.423   0.68    1.424   0.71    1.425   0.35    1.426   0.40
      1.427   0.73    1.428   0.92    1.429   1.36    1.431   1.30    1.432   0.53
      1.433   0.60    1.434   0.74    1.435   0.53    1.436   0.22    1.437   0.38
      1.438   0.68    1.439   0.89    1.440   0.63    1.441   0.12    1.442   0.09
      1.444   0.54    1.445   0.93    1.446   1.18    1.447   1.00    1.448   0.46
      1.449   0.35    1.450   0.59    1.451   0.72    1.452   0.56    1.453   0.19
      1.454   0.31    1.455   0.25    1.457   0.32    1.458   0.58    1.459   0.33
      1.460   0.37    1.461   0.37    1.462   0.03    1.463   0.66    1.464   0.57
      1.465   0.80    1.466   0.48    1.467   0.54    1.468   0.58    1.470   0.28
      1.471   0.41    1.472   0.83    1.473   0.81    1.474   1.03    1.475   0.50
      1.476   0.88    1.477   1.04    1.478   0.56    1.479   0.26    1.480   0.16
      1.481   0.10    1.482   0.25    1.484   0.34    1.485   0.13    1.486   0.82
      1.487   0.68    1.488   0.48    1.489   0.28    1.490   0.17    1.491   0.26
      1.492   0.41    1.493   0.74    1.494   0.53    1.495   1.26    1.497   0.56
      1.498   0.37    1.499   0.52    1.500   0.55    1.501   0.29    1.502   0.31
      1.503   0.36    1.504   0.32    1.505   0.36    1.506   0.56    1.507   0.49
      1.508   0.52    1.510   0.33    1.511   0.23    1.512   1.14    1.513   0.93
      1.514   0.29    1.515   0.58    1.516   0.58    1.517   0.91    1.518   0.78
      1.519   0.29    1.520   0.16    1.521   0.50    1.522   0.41    1.524   0.63
      1.525   1.02    1.526   0.85    1.527   0.59    1.528   0.53    1.529   0.52
      1.530   0.39    1.531   0.89    1.532   0.54    1.533   0.41    1.534   0.35
      1.535   0.41    1.537   0.68    1.538   0.46    1.539   0.27    1.540   0.95
      1.541   1.13    1.542   0.96    1.543   0.69    1.544   0.57    1.545   0.87
      1.546   0.90    1.547   0.64    1.548   0.68    1.550   0.95    1.551   0.63
      1.552   0.25    1.553   0.09    1.554   0.31    1.555   0.57    1.556   0.30
      1.557   0.30    1.558   0.64    1.559   0.60    1.560   0.21    1.561   0.59
      1.563   1.06    1.564   1.09    1.565   0.74    1.566   0.41    1.567   0.74
      1.568   0.85    1.569   0.66    1.570   0.57    1.571   0.63    1.572   0.58
      1.573   0.14    1.574   0.61    1.575   0.70    1.577   0.50    1.578   0.11
      1.579   0.81    1.580   0.68    1.581   0.35    1.582   0.50    1.583   0.11
      1.584   0.50    1.585   0.78    1.586   0.52    1.587   0.44    1.588   0.89
      1.590   0.98    1.591   0.58    1.592   0.19    1.593   0.81    1.594   1.07
      1.595   0.59    1.596   0.52    1.597   0.59    1.598   0.72    1.599   0.23
      1.600   0.77    1.601   0.41    1.603   0.31    1.604   0.12    1.605   0.42
      1.606   0.65    1.607   0.30    1.608   0.55    1.609   0.76    1.610   0.39
      1.611   0.21    1.612   0.58    1.613   0.84    1.614   0.85    1.615   0.57
      1.617   0.35    1.618   0.23    1.619   0.65    1.620   0.64    1.621   0.08
      1.622   0.23    1.623   0.51    1.624   0.74    1.625   0.92    1.626   0.39
      1.627   0.43    1.628   0.08    1.630   0.59    1.631   0.46    1.632   0.16
      1.633   0.09    1.634   0.24    1.635   0.25    1.636   0.51    1.637   0.40
      1.638   0.55    1.639   0.47    1.640   0.30    1.641   0.06    1.643   0.41
      1.644   0.15



                           CONSTANTES HARMÔNICAS

   No. SÍMBOLO           Gr./h       H cm     +/-     G  Gr.   K  Gr.   GW  Gr.   +/-

     1  Sa             0.0410686     5.12     1.74      4.93     5.05     5.05   19.89
     2  Ssa            0.0821373     2.34     1.74     57.19    57.44    57.44   48.04
     3 *Mm(-2)         0.5399619     0.16     1.31    349.65   351.27   351.27   *****
     4 *Mm(-1)         0.5421683     0.31     1.32    149.95   151.58   151.58   *****
     5 *Mm             0.5443747     0.64     1.32     59.91    61.54    61.54   *****
     6 *Mm(1)          0.5465811     0.37     1.31    107.43   109.07   109.07   *****
     7 *Mm(2)          0.5536584     0.28     1.31    116.59   118.25   118.25   *****
     8 *Mm(3)          0.5558648     0.18     1.32    173.48   175.15   175.15   *****
     9 *Mm(4)          0.5580712     0.20     1.31     84.85    86.53    86.53   *****
    10  Msf(-1)        1.0136894     1.11     1.00    104.63   107.67   107.67   63.64
    11  Msf            1.0158958     2.04     1.01     44.27    47.32    47.32   29.64
    12 *Msf(1)         1.0181022     0.70     1.00    313.69   316.74   316.74   *****
    13 *Mf(-3)         1.0865430     0.69     1.00    349.40   352.66   352.66   *****
    14 *Mf(-2)         1.0887494     0.19     1.01    333.34   336.61   336.61   *****
    15  Mf(-1)         1.0909558     1.14     1.00     53.65    56.92    56.92   61.37
    16  Mf             1.0980331     1.71     1.00    306.25   309.54   309.54   35.81
    17 *Mf(1)          1.1002395     0.32     1.01    333.49   336.79   336.79   *****
    18 *Mf(2)          1.1024459     0.58     1.01    322.14   325.45   325.45   *****
    19 *Mf(3)          1.1046523     0.88     1.00    215.08   218.40   218.40   *****
    20 *Mtm(-2)        1.6331241     0.98     1.03    320.28   325.18   325.18   *****
    21 *Mtm(-1)        1.6353325     0.25     1.03     19.19    24.10    24.10   *****
    22 *Mtm            1.6424078     0.52     1.03    255.59   260.52   260.52   *****
    23 *Mtm(1)         1.6446142     0.77     1.05    282.80   287.73   287.73   *****
    24 *Mtm(2)         1.6468206     0.09     1.03    100.67   105.61   105.61   *****
    25  Mtm(3)         1.6561042     1.16     1.03      6.75    11.72    11.72   62.63
    26 *Mtm(4)         1.6583107     0.27     1.03    107.94   112.92   112.92   *****


                   No. DE COMPONENTES REGISTRADAS NO DISQUETE:  0 
