S
1 pbolivar
  3  18.00 S
 80   0.00 W
 5                  
 114   110
"2Q1"      1     6            1             0.32    9.14
"Q1"       1     8            1             0.45  216.10
"O1"       1    10            1             3.63   45.78
"MP1"      2    28 15         1 -1          0.31  107.04
"M1"       1    12            1             0.43  196.26
"PI1"      1    14            1             0.25  331.78
"P1"       1    15            1             3.80  321.53
"S1"       1    16            1             1.62   97.75
"K1"       1    17            1            12.98  341.05
"PSI1"     1    18            1             0.24   69.30
"TETA1"    1    20            1             0.18  110.02
"J1"       1    21            1             0.89  141.74
"SO1"      2    32 10         1 -1          0.21  338.42
"OO1"      1    22            1             0.76  297.85
"KQ1"      2    34  8         1 -1          0.15   99.33
"MNS2"     3    28 26 32      1  1 -1       0.68  183.36
"2N2"      1    24            1             2.87  293.06
"MU2"      1    25            1             2.07  317.95
"N2"       1    26            1            22.85   88.67
"NU2"      1    27            1             4.40  116.99
"MTS2"     3    28 31 32      1  1 -1       0.94  187.94
"M2"       1    28            1           104.37  246.51
"MST2"     3    28 32 31      1  1 -1       0.83   77.45
"LAMBDA2"  1    29            1             1.10    9.90
"L2"       1    30            1             4.37   56.40
"T2"       1    31            1             2.21  169.21
"S2"       1    32            1            31.28  172.43
"R2"       1    33            1             0.67  212.93
"K2"       1    34            1             8.24  189.70
"MSN2"     3    28 32 26      1  1 -1       0.59  159.09
"2SM2"     2    32 28         2 -1          0.57  323.96
"NO3"      2    26 10         1  1          0.17  261.63
"MO3"      2    28 10         1  1          0.48   65.37
"SO3"      2    32 10         1  1          0.19  322.11
"MK3"      2    28 17         1  1          0.58  349.13
"SP3"      2    32 15         1  1          0.40  200.85
"S3"       2    32 16         1  1          0.39  102.89
"SK3"      2    32 17         1  1          0.50  248.30
"N4"       1    26            2             0.48  283.58
"3MS4"     2    28 32         3 -1          0.63  308.43
"MN4"      2    28 26         1  1          1.58  101.09
"M(NU)4"   2    28 27         1  1          0.29  179.22
"2MSK4"    3    28 32 34      2  1 -1       0.13  255.38
"2MTS4"    3    28 31 32      2  1 -1       0.18  299.39
"M4"       1    28            2             3.47  263.30
"SN4"      2    32 26         1  1          0.65   26.71
"3MN4"     2    28 26         3 -1          0.44   53.59
"MS4"      2    28 32         1  1          2.22  190.59
"MK4"      2    28 34         1  1          0.66  206.19
"SL4"      2    32 30         1  1          0.25  188.30
"S4"       1    32            2             0.38  106.15
"SK4"      2    32 34         1  1          0.29  141.31
"2MO5"     2    28 10         2  1          0.17  170.58
"2MK5"     2    28 17         2  1          0.18  165.60
"S5"       2    32 16         2  1          0.14  251.16
"3MNS6"    3    28 26 32      3  1 -1       0.22  177.20
"2NM6"     2    26 28         2  1          0.20  269.54
"4MS6"     2    28 32         4 -1          0.26  320.48
"2MSNK6"   4    28 32 26 34   2  1  1 -1    0.12  101.92
"2MN6"     2    28 26         2  1          0.35  337.07
"3MSK6"    3    28 32 34      3  1 -1       0.24  228.00
"M6"       1    28            3             0.51  108.16
"4MN6"     2    28 26         4 -1          0.29   23.27
"2MS6"     2    28 32         2  1          0.64   27.53
"2MK6"     2    28 34         2  1          0.14   56.46
"3MSN6"    3    28 32 26      3  1 -1       0.39    0.58
"2SM6"     2    32 28         2  1          0.15  295.50
"MSK6"     3    28 32 34      1  1  1       0.12  313.73
"3MNOS7"   4    28 26 10 32   3  1  1 -1    0.13  205.05
"4MOS7"    3    28 10 32      4  1 -1       0.07   21.86
"2MNO7"    3    28 26 10      2  1  1       0.10  356.87
"3MO7"     2    28 10         3  1          0.17  179.37
"MSNO7"    4    28 32 26 10   1  1  1  1    0.12  334.75
"2MNK7"    3    28 26 17      2  1  1       0.14  329.84
"2MSO7"    3    28 32 10      2  1  1       0.33  113.48
"3MK7"     2    28 17         3  1          0.30  155.55
"3MKKS7"   4    28 34 17 32   3  1  1 -1    0.07  333.24
"MSNK7"    4    28 32 26 17   1  1  1  1    0.10  229.69
"2MSP7"    3    28 32 15      2  1  1       0.12   77.56
"2MSK7"    3    28 32 17      2  1  1       0.20   93.12
"2M2N8"    2    28 26         2  2          0.10  154.55
"3MN8"     2    28 26         3  1          0.31  286.18
"M8"       1    28            4             0.52   85.71
"2MSN8"    3    28 32 26      2  1  1       0.25  225.26
"2MNK8"    3    28 26 34      2  1  1       0.10  306.56
"3MS8"     2    28 32         3  1          0.59   15.02
"3MK8"     2    28 34         3  1          0.17   46.95
"MSNK8"    4    28 32 26 34   1  1  1  1    0.11  287.35
"2M2S8"    2    28 32         2  2          0.26  294.21
"2MSK8"    3    28 32 34      2  1  1       0.12  337.67
"2M2NO9"   3    28 26 10      2  2  1       0.06  236.47
"4MO9"     2    28 10         4  1          0.06  176.83
"3MNK9"    3    28 26 17      3  1  1       0.05  316.48
"3MSO9"    3    28 32 10      3  1  1       0.13  128.95
"4MK9"     2    28 17         4  1          0.08  158.91
"2M2SO9"   3    28 32 10      2  2  1       0.10   41.55
"3MSK9"    3    28 32 17      3  1  1       0.08   89.66
"4MN10"    2    28 26         4  1          0.12  240.33
"M10"      1    28            5             0.14   67.58
"3MSN10"   3    28 32 26      3  1  1       0.11  191.35
"4MS10"    2    28 32         4  1          0.23  334.54
"2M2SN10"  3    28 32 26      2  2  1       0.09  211.29
"2MNSK10"  4    28 26 32 34   2  1  1  1    0.16  227.61
"3M2S10"   2    28 32         3  2          0.13  257.82
"3MSK10"   3    28 32 34      3  1  1       0.06  297.17
"4MSO11"   3    28 32 10      4  1  1       0.04  111.44
"5MK11"    2    28 17         5  1          0.05  169.02
"5SK11"    2    32 17         5  1          0.04  236.88
"M12"      1    28            6             0.04  117.54
"4MSN12"   3    28 32 26      4  1  1       0.05  272.57
"5MS12"    2    28 32         5  1          0.06   83.47
"4M2S12"   2    28 32         4  2          0.04    8.93
"Sa"       1     1            1             2.45   59.01
"Ssa"      1     2            1             1.69  316.88
