S
1 "PONTA DA MADEIRA"
 2             34 "S"
 44            22 "W"
 3
 116           327.06
"SIGMA1" 1   7  1   0.65 252.37
"Q1" 1   8  1   1.74 190.91
"RO1" 1   9  1   0.41 225.86
"O1" 1  10  1   9.25 210.87
"M1" 1  12  1   1.02 230.10
"P1" 1  15  1   3.17 240.88
"S1" 1  16  1   1.53 174.24
"K1" 1  17  1  10.13 240.36
"TETA1" 1  20  1   0.33 310.75
"J1" 1  21  1   0.45 256.04
"SO1" 2  32 10  1 -1   0.53  14.51
"OO1" 1  22  1   0.30 244.16
"N(MU)S2" 3  26 25 32  1  1 -1   0.94  57.82
"2NS2" 2  26 32  2 -1   1.27 348.85
"M(MU)S2" 3  28 25 32  1  1 -1   2.15  99.81
"OQ2" 2  10  8  1  1   1.51  98.48
"MNS2" 3  28 26 32  1  1 -1   3.17 268.14
"MNK2S2" 4  28 26 34 32  1  1  1 -2   0.89 230.29
"2N2" 1  24  1   6.75 205.02
"MU2" 1  25  1   9.75 290.41
"N2" 1  26  1  38.87 187.20
"NU2" 1  27  1  10.28 177.31
"OP2" 2  10 15  1  1   1.79 263.73
"MTS2" 3  28 31 32  1  1 -1   3.06  61.73
"M2" 1  28  1 210.17 199.28
"MKS2" 3  28 34 32  1  1 -1   1.83 318.27
"LAMBDA2" 1  29  1   5.42 181.63
"L2" 1  30  1  15.86 206.11
"2SK2" 2  32 34  2 -1   0.50 319.52
"T2" 1  31  1   3.83 223.02
"S2" 1  32  1  57.83 234.81
"R2" 1  33  1   0.66 341.71
"K2" 1  34  1  16.35 231.71
"MSN2" 3  28 32 26  1  1 -1   2.87  20.23
"2SM2" 2  32 28  2 -1   2.71  41.11
"2MS2N2" 3  28 32 26  2  1 -2   1.22  93.45
"NO3" 2  26 10  1  1   0.62 318.54
"MO3" 2  28 10  1  1   1.16 321.02
"2MP3" 2  28 15  2 -1   0.52 347.27
"M3" 1  37  1   2.02 310.42
"MK3" 2  28 17  1  1   0.96  13.58
"SP3" 2  32 15  1  1   0.42 289.16
"SK3" 2  32 17  1  1   0.77 349.11
"N4" 1  26  2   0.59 180.46
"3MS4" 2  28 32  3 -1   1.30 280.07
"MN4" 2  28 26  1  1   1.58 171.84
"M(NU)4" 2  28 27  1  1   0.44 116.11
"2MSK4" 3  28 32 34  2  1 -1   0.48 349.80
"2MTS4" 3  28 31 32  2  1 -1   0.61 340.98
"M4" 1  28  2   4.34 183.53
"2MST4" 3  28 32 31  2  1 -1   0.43 308.01
"2MKS4" 3  28 34 32  2  1 -1   0.62 313.09
"SN4" 2  32 26  1  1   0.59 306.08
"3MN4" 2  28 26  3 -1   1.28 339.98
"MS4" 2  28 32  1  1   2.16 257.16
"SL4" 2  32 30  1  1   0.73 212.43
"S4" 1  32  2   0.43 340.39
"2MO5" 2  28 10  2  1   0.36 288.76
"MNK5" 3  28 26 17  1  1  1   0.18 313.03
"2MK5" 2  28 17  2  1   0.42 318.35
"S5" 2  32 16  2  1   0.11 230.54
"2NM6" 2  26 28  2  1   0.46 276.12
"4MS6" 2  28 32  4 -1   0.27 292.68
"2MSNK6" 4  28 32 26 34  2  1  1 -1   0.33  58.88
"2MN6" 2  28 26  2  1   1.70 269.52
"3MSK6" 3  28 32 34  3  1 -1   0.30  35.22
"M6" 1  28  3   3.13 288.75
"MSN6" 3  28 32 26  1  1  1   0.79 316.22
"4MN6" 2  28 26  4 -1   0.54  43.79
"2MS6" 2  28 32  2  1   2.97 315.97
"2MK6" 2  28 34  2  1   0.74 322.73
"MSN6" 3  28 32 26  3  1 -1   0.48 124.49
"2SM6" 2  32 28  2  1   0.78 341.80
"MSK6" 3  28 32 34  1  1  1   0.41 345.58
"4MOS7" 3  28 10 32  4  1 -1   0.13  20.68
"2MSK7" 3  28 32 17  2  1  1   0.22  56.15
"2MKK7" 3  28 34 17  2  1  1   0.11 326.19
"2SMK7" 3  32 28 17  2  1  1   0.17 122.24
"2M2N8" 2  28 26  2  2   0.35 290.69
"3MN8" 2  28 26  3  1   0.70 280.53
"M8" 1  28  4   0.95 300.51
"2MSN8" 3  28 32 26  2  1  1   0.42 340.91
"2MNK8" 3  28 26 34  2  1  1   0.36   4.11
"3MS8" 2  28 32  3  1   1.12 332.05
"3MK8" 2  28 34  3  1   0.23 346.04
"MSNK8" 4  28 32 26 34  1  1  1  1   0.48  70.74
"2M2S8" 2  28 32  2  2   0.33  23.19
"2MSK8" 3  28 32 34  2  1  1   0.20 353.89
"3SM8" 2  32 28  3  1   0.16  90.28
"S8" 1  32  4   0.06 252.42
"3MNO9" 3  28 26 10  3  1  1   0.13 352.40
"4MO9" 2  28 10  4  1   0.11   4.07
"3MSO9" 3  28 32 10  3  1  1   0.13  52.72
"3MSK9" 3  28 32 17  3  1  1   0.13 345.99
"4MN10" 2  28 26  4  1   0.35 341.59
"M10" 1  28  5   0.35   5.10
"3MSN10" 3  28 32 26  3  1  1   0.34   9.57
"4MS10" 2  28 32  4  1   0.54  17.02
"2MNSK10" 4  28 26 32 34  2  1  1  1   0.32  88.02
"3M2S10" 2  28 32  3  2   0.38  59.14
"3MSK10" 3  28 32 34  3  1  1   0.15  40.28
"4MNO11" 3  28 26 10  4  1  1   0.07  84.56
"4MNP11" 3  28 26 15  4  1  1   0.09 157.10
"4MSO11" 3  28 32 10  4  1  1   0.11 122.80
"3M2SO11" 3  28 32 10  3  2  1   0.06 183.69
"4MSK11" 3  28 32 17  4  1  1   0.06 158.63
"3M2SK11" 3  28 32 17  3  2  1   0.06 192.76
"5MN12" 2  28 26  5  1   0.07 118.27
"M12" 1  28  6   0.11 123.37
"4MSN12" 3  28 32 26  4  1  1   0.13 153.23
"5MS12" 2  28 32  5  1   0.21 160.71
"4M2S12" 2  28 32  4  2   0.06 162.59
"MmSsa" 2   3  2  1 -1   0.90  82.67
"Mm" 1   3  1   1.17 334.94
"MSf" 2  28 32 -1  1   1.29 211.65
"Mf" 1   4  1   1.62 354.63
