    9  8  9  7  6  8  9  8  8  8  7  6  6  7  8  8  7  8  7  4
       14.4920521  0.54901653  0.04106863  0.00464183  0.00220641  0.00000196  0#     
       1  -2  0  -1  -3  0  -1  -0.00005
       1  -2  0  -1  -2  0  -1  -0.00028
       1  -2  0  1  -2  0  -1  -0.00041
       1  -2  0  0  0  0  1  0.00006
       1  -2  0  1  -1  0  -1  0.0136
       1  -2  0  1  0  0  -1  0.07217
       1  -2  0  3  0  0  -1  0.0002
       1  -1  0  0  -2  0  -1  -0.00213
       1  -1  0  0  -1  0  -1  0.07106
       1  -1  0  0  0  0  -1  0.37694
       1  -1  0  2  -1  0  -1  0.00007
       1  -1  0  2  0  0  -1  -0.00243
       1  -1  0  2  1  0  -1  -0.00039
       1  0  0  -1  -2  0  -1  0.00017
       1  0  0  -1  -1  0  -1  -0.00197
       1  0  0  -1  0  0  -1  -0.01066
       1  0  0  1  -1  0  -1  0.00086
       1  0  0  1  0  0  -1  -0.02964
       1  0  0  1  1  0  -1  -0.00594
       1  0  0  1  2  0  -1  0.00016
       1  1  -2  0  -2  0  -1  0.00014
       1  1  -2  0  -1  0  -1  -0.00197
       1  1  -2  0  0  0  -1  0.17543
       1  1  -2  0  0  2  -1  -0.00007
       1  1  -2  2  0  0  -1  -0.00026
       1  1  -2  2  1  0  -1  -0.00005
       1  1  0  -2  -1  0  -1  -0.0001
       1  1  0  0  -2  0  -1  -0.00006
       1  1  0  0  -1  0  -1  0.01051
       1  1  0  0  0  0  -1  -0.53011
       1  1  0  0  1  0  -1  -0.07186
       1  1  0  0  2  0  -1  0.00155
       1  2  0  -1  -1  0  -1  0.00087
       1  2  0  -1  0  0  -1  -0.02964
       1  2  0  -1  1  0  -1  -0.00587
       1  2  0  -1  2  0  -1  0.00014
       1  2  0  1  0  0  -1  0.00045
       1  2  0  1  1  0  -1  0.00029
       1  2  0  1  2  0  -1  -0.00017
       2  -1  0  -1  -2  0  0  -0.00067
       2  -1  0  1  -2  0  0  0.00009
       2  -1  0  0  0  1  0  0.00014
       2  -1  0  1  -1  0  0  -0.00649
       2  -1  0  1  0  0  0  0.17386
       2  -1  2  -1  -1  0  0  -0.00123
       2  -1  2  -1  0  0  0  0.03302
       2  -1  2  1  0  0  0  0.00014
       2  -1  2  1  1  0  0  -0.00012
       2  0  0  0  -2  0  0  0.00047
       2  0  0  0  -1  0  0  -0.0339
       2  0  0  0  0  0  0  0.90809
       2  0  0  2  0  0  0  0.00053
       2  0  0  2  1  0  0  0.00019
       2  1  0  -1  -1  0  0  0.00094
       2  1  0  -1  0  0  0  -0.02567
       2  1  0  1  -1  0  0  -0.00012
       2  1  0  1  0  0  0  0.00643
       2  1  0  1  1  0  0  0.00283
       2  1  0  1  2  0  0  0.0004
       2  2  -3  0  0  1  0  0.02476
       2  2  -2  0  -1  0  0  0.00095
       2  2  -2  0  0  0  0  0.42248
       2  2  -2  2  0  0  0  0.00006
       2  2  0  0  -1  0  0  -0.00147
       2  2  0  0  0  0  0  0.11498
       2  2  0  0  1  0  0  0.03426
       2  2  0  0  2  0  0  0.00372
       1  8  14  21  27  33  40  45  49  54  60  61  64
       7  6  7  6  6  7  5  4  5  6  1  3  4
       "MSf"  0  2  -1  1  9  12  "MK1"  1  2  1  -1  9  5  "MP1"  1  2  1  -1  9  4
       "2PO1" 1 2 2 -1 4 2 "SO1" 1 2 1 -1 12 2
       "KQ1" 1 2 1 -1 13 1 "2MN2S2" 0 3 2 1 -2 9 7 12 "2NS2" 0 2 2 -1 7 12
       "3M2S2" 0 2 3 -2 9 12 "OQ2" 0 2 1 1 2 1 "MNS2" 0 3 1 1 -1 9 7 12
       "MNK2S2" 0 4 1 1 1 -2 9 7 13 12 "O2" 0 1 2 2 "2MS2" 0 2 2 -1 9 12
       "2(NU)M2" 0 2 2 -1 8 9 "SNK2" 0 3 1 1 -1 12 7 13 "KQ2" 0 2 1 1 5 1
       "3MNS2" 0 3 3 -1 -1 9 7 12 "2KN2S2" 0 3 2 1 -2 13 7 12
       "OP2"  0  2  1  1  2  4  "MTS2"  0  3  1  1  -1  9  11  12
       "KO2"  0  2  1  1  5  2  "MST2"  0  3  1  1  -1  9  12  11  
       "MKS2"  0  3  1  1  -1  9  13  12
       "2MN2" 0 2 2 -1 9 7 "2SK2" 0 2 2 -1 12 13 "KP2" 0 2 1 1 5 4
       "MSN2" 0 3 1 1 -1 9 12 7 "KJ2" 0 2 1 1 5 6 "2SM2" 0 2 2 -1 12 9
       "2MS2N2" 0 3 2 1 -2 9 12 7 "2SN2" 0 2 2 -1 12 7 "SKN2" 0 3 1 1 -1 12 13 7
       "NO3" 1 2 1 1 7 2 "MO3" 1 2 1 1 9 2 "2MP3" 1 2 2 -1 9 4 "SQ3" 1 2 1 1 12 1
       "NK3"  1  2  1  1  7  5  "SO3"  1  2  1  1  12  2  "MK3"  1  2  1  1  9  5
       "2MQ3" 1 2 2 -1 9 1 "SP3" 1 2 1 1 12 4 "SK3" 1 2 1 1 12 5 "N4" 0 1 2 7
       "3MS4" 0 2 3 -1 9 12 "MSNK4" 0 4 1 1 1 -1 9 12 7 13 "MN4" 0 2 1 1 9 7
       "M(NU)4" 0 2 1 1 9 8 "2MSK4" 0 3 2 1 -1 9 12 13 "2MTS4" 0 3 2 1 -1 9 11 12
       "M4" 0 1 2 9 "2MST4" 0 3 2 1 -1 9 12 11 "2MKS4" 0 3 2 1 -1 9 13 12
       "2MKT4" 0 3 2 1 -1 9 13 11 "SN4" 0 2 1 1 12 7 "3MN4" 0 2 3 -1 9 7
       "MS4"  0  2  1  1  9  12  "MK4"  0  2  1  1  9  13  
       "SL4"  0  2  1  1  12  10  "S4"  0  1  2  12
       "SK4" 0 2 1 1 12 13 "2NO5" 1 2 2 1 7 2 "MNO5" 1 3 1 1 1 9 7 2
       "2MO5" 1 2 2 1 9 2 "MNK5" 1 3 1 1 1 9 7 5 "2MK5" 1 2 2 1 9 5
       "MSM5" 1 3 1 1 1 9 12 3 "MSK5" 1 3 1 1 1 9 12 5 "2SK5" 1 2 2 1 12 5
       "2M2NS6" 0 3 2 2 -1 9 7 12 "3MNS6" 0 3 3 1 -1 9 7 12 "2NM6" 0 2 2 1 7 9
       "4MS6" 0 2 4 -1 9 12 "2MSNK6" 0 4 2 1 1 -1 9 12 7 13 "2MN6" 0 2 2 1 9 7
       "2M(NU)6" 0 2 2 1 9 8 "3MSK6" 0 3 3 1 -1 9 12 13 "M6" 0 1 3 9 "MSN6" 0 3 1 1 1 9 12 7
       "4MN6" 0 2 4 -1 9 7 "MK(NU)6" 0 3 1 1 1 9 13 8 "2M2SK6" 0 3 2 2 -1 9 12 13
       "2MS6" 0 2 2 1 9 12 "2MK6" 0 2 2 1 9 13 "3MSN6" 0 3 3 1 -1 9 12 7
       "MKL6" 0 3 1 1 1 9 13 10 "2SM6" 0 2 2 1 12 9 "MSK6" 0 3 1 1 1 9 12 13
       "3MNOS7" 1 4 3 1 1 -1 9 7 2 12 "2NMO7" 1 3 2 1 1 7 9 2
       "4MOS7" 1 3 4 1 -1 9 2 12 "2MNO7" 1 3 2 1 1 9 7 2
       "3MNKS7" 1 4 3 1 1 -1 9 7 5 12 "3MO7" 1 2 3 1 9 2
       "MSNO7" 1 4 1 1 1 1 9 12 7 2 "2MNK" 1 3 2 1 1 9 7 5 "2MSO7" 1 3 2 1 1 9 12 2
       "3MK7" 1 2 3 1 9 5 "3MKKS7" 1 4 3 1 1 -1 9 13 5 12 "MSNK7" 1 4 1 1 1 1 9 12 7 5
       "2MSP7" 1 3 2 1 1 9 12 4 "2MSK7" 1 3 2 1 1 9 12 5 "2MKK7" 1 3 2 1 1 9 13 5
       "3MSKN7" 1 4 3 1 1 -1 9 12 5 7 "2SMK7" 1 3 2 1 1 12 9 5
       "2M2N8" 0 2 2 2 9 7 "3MN8" 0 2 3 1 9 7 "M8" 0 1 4 9
       "2MSN8" 0 3 2 1 1 9 12 7 "2MNK8" 0 3 2 1 1 9 7 13 "3MS8" 0 2 3 1 9 12
       "3MK8" 0 2 3 1 9 13 "MSNK8" 0 4 1 1 1 1 9 12 7 13 "2M2S8" 0 2 2 2 9 12
       "2MSK8" 0 3 2 1 1 9 12 13 "3SN8" 0 2 3 1 12 7 "3SM8" 0 2 3 1 12 9
       "S8" 0 1 4 12 "2M2NO9" 1 3 2 2 1 9 7 2 "3MNO9" 1 3 3 1 1 9 7 2
       "4MO9" 1 2 4 1 9 2 "3MNK9" 1 3 3 1 1 9 7 5 "3MSO9" 1 3 3 1 1 9 12 2
       "4MK9" 1 2 4 1 9 5 "2M2SO9" 1 3 2 2 1 9 12 2 "3MSK9" 1 3 3 1 1 9 12 5
       "2M2SK9" 1 3 2 2 1 9 12 5 "4SK9" 1 2 4 1 12 5 "4MN10" 0 2 4 1 9 7
       "M10" 0 1 5 9 "3MSN10" 0 3 3 1 1 9 12 7 "4MS10" 0 2 4 1 9 12
       "2M2SN10" 0 3 2 2 1 9 12 7 "2MNSK10" 0 4 2 1 1 1 9 7 12 13
       "3M2S10" 0 2 3 1 9 12 "3MSK10" 0 3 3 1 1 9 12 13 "4MNO11" 1 3 4 1 1 9 7 2
       "5MO11" 1 2 5 1 9 2 "4MNP11" 1 3 4 1 1 9 7 4 "4MNK11" 1 3 4 1 1 9 7 5
       "4MSO11" 1 3 4 1 1 9 12 2 "5MK11" 1 2 5 1 9 5 "3M2SO11" 1 3 3 2 1 9 12 2
       "4MSK11" 1 3 4 1 1 9 12 5 "3M2SK11" 1 3 3 2 1 9 12 5 "5SK11" 1 2 5 1 12 5
       "5MN12" 0 2 5 1 9 7 "M12" 0 1 6 9 "4MSN12" 0 3 4 1 1 9 12 7
       "5MS12" 0 2 5 1 9 12 "3MNKS12" 0 4 3 1 1 1 9 7 13 12 "4M2S12" 0 2 4 2 9 12

