       0,0,1,0,0,.0410686,0,0,2,0,0,.08211373,0,1,0,-1,0,.5443747
       0,2,0,0,0,1.0980331,0,3,0,-1,0,1.6424077,1,-3,0,2,-1,12.8542862
       1,-3,2,0,-1,12.9271398,1,-2,0,1,-1,13.3986609,1,-2,2,-1,-1,13.4715145
       1,-1,0,0,-1,13.9430356,1,-1,2,0,1,14.0251729,1,0,0,1,1,14.496694
       1,0,2,-1,1,14.5695476,1,1,-3,0,-1,14.9178647,1,1,-2,0,-1,14.9589314
       1,1,-1,0,2,15,1,1,0,0,1,15.0410686,1,1,1,0,1,15.0821353
       1,1,2,0,1,15.1232059,1,2,-2,1,1,15.5125897,1,2,0,-1,1,15.5854433
       1,3,0,0,1,16.1391017,2,-3,2,1,0,27.4238337,2,-2,0,2,0,27.8953548
       2,-2,2,0,0,27.9682084,2,-1,0,1,0,28.4397295,2,-1,2,-1,0,28.5125851
       2,0,0,0,0,28.9841042,2,1,-2,1,2,29.4556253,2,1,0,-1,2,29.5284789
       2,2,-3,0,0,29.9589333,2,2,-2,0,0,30.0000000,2,2,-1,0,2,30.0410667
       2,2,0,0,0,30.0821373,2,3,-2,1,0,30.553658,2,3,0,-1,0,30.625119
       3,0,0,0,2,43.4761563,1,0,0,0,2,14.4920521,2,-2,0,1,3,27.8907130
       2,-1,0,0,3,28.4350877,3,2,0,0,2,44.5741893
       0,31,28,31,30,31,30,31,31,30,31,30,31
       0,1,0,0,2,0,0,3,0,0,0,2,0,1,2,1,0,-1,2,-1,-1,2,-1,0,2,-1,1,2,0,0
       2,1,0,2,2,0,2,3,0
       1,0,0,1,1,0,0,1
       5,-.1307,.0007,-.0534,-.0218,-.0059
       .0007,-.0008,-.0534,-.0218,-.0050,1,2,10,11,12
       6,.4142,.0377,-.0008,-.0028,.0431,-.0023
       .4142,.0377,-.0008,.0027,-.0432,.0022,1,2,3,8,10,11
       7,.4142,.0384,-.0030,-.0030,.0179,-.0040,-.0017
       .4142,.0384,.0030,.0030,-.0180,-.0040,-.0017,1,2,3,9,10,12,13
       3,.1885,-.0063,-.0063,-.1885,.0062,.0062,1,2,12
       3,.1884,-.0061,-.0087,-.1884,.0060,-.0087,1,2,10
       6,.1884,-.0057,.0007,-.0028,-.0039,-.0007
       -.1884,.0057,-.0008,-.0028,.0039,.0007,1,2,6,10,12,13
       4,.1881,-.0058,-.0576,.0175,-.1882,.0057,-.0576,.0175,1,2,10,11
       5,.1885,-.0058,.0001,-.0054,-.0010
       -.1885,.0057,.0001,-.0064,-.0010,1,2,8,10,11
       3,-.2454,-.0142,.0445,-.1886,-.0142,-.0446,1,2,10
       5,.1714,-.0054,.3596,.0664,-.0057
       -.2294,.0000,-.3596,-.0665,.0057,1,2,10,11,12
       1,.1905,.2460,1,1,-.0078,.0077,1
       5,-.0112,.0007,-.0004,-.0015,-.0003
       .0111,-.0008,-.0004,-.0015,-.0003,1,2,4,10,11
       1,.0000,.0000,1
       3,.1158,-.0029,.0001,.1554,-.0030,-.0002,1,2,11
       1,.0190,.0190,1
       5,-.0384,-.0185,.0132,.0105,.0344
       -.0384,-.0185,-.0132,-.0106,-.0344,1,2,4,8,10
       2,.1676,.0030,.2310,-.0300,1,11
       5,.1685,-.0047,-.0152,-.0098,-.0057
       .2274,-.0047,-.0152,-.0098,-.0057,1,2,10,11,12
       6,.6398,.1342,.0085,.0296,.1496,-.0037
       .6398,.1342,.0086,-.0296,-.1497,.0037,1,2,3,8,10,11
       1,-.0373,.0373,1,2,-.0374,-.0061,.0373,.0061,1,12
       4,-.0375,.0000,.0000,.0000,.0373,-.0005,-.0008,.0039,1,2,6,12
       4,-.0373,.0004,.0007,-.0039,.0373,-.0005,-.0008,.0039,1,2,6,12
       3,-.0373,.0042,-.0036,.0373,.0042,.0036,1,10,11
       4,-.0373,.0004,.0005,-.0001,.037I3,-.0005,.0005,.0001,1,2,10,11
       1,-.0448,.0447,1
       5,-.0367,.0047,-.2505,-.1102,-.0156
       .0366,.0047,-.2505,-.1102,.0156,1,8,10,11,12
       1,.0000,.0000,1,1,-.0022,-.0022,1
       2,-.2535,.0141,-.2535,.0141,4,5
       2,.2852,.0324,.3108,.0324,1,2
       4,.4389,.0487,.0487,.0650,.4389,.0487,-.0488,-.0650,1,2,10,11
       3,.4168,.0466,-.0078,.4542,.0466,-.0078,1,2,10
       1,-.0564,.0563,1,1,-.0564,.0563,1,1,-.2788,-.0182,1,1,.1731,.1731,1
       1,.1705,.1705,1,1,.4387,.4387,1