0  0  1  0 -1   .000006
0  0  2  0 -2   .000001 
0  0  2  2  0   .000006
0  1 -2  0  1  -.000012
0  1 -1  0  0   .000090
0  1  0  0 -1  -.003243
0  1  0  2  1   .000007
0  2 -2  0  0  -.001026
0  2  0  0 -2  -.000037
0  2  0  2  0  -.000267
0  3 -2  0 -1  -.000042
0  3  0  2 -1  -.000011
0  4 -2  0 -2  -.000001
1  0  1  0  3   .000001
1 -4  1 -2  0   .000001
1 -4  1  0  2   .000036
1 -4  3  0  0   .000006
1 -3 -1 -2  1  -.000002
1 -3  0 -2  0  -.000001
1 -3  1  0  1   .001000
1 -3  1  0  0  -.000006
1 -2 -1 -2  0  -.000031
1 -2 -1  0  1   .000013
1 -2  0  0  1  -.000003
1 -2  1  0  0   .022236
1 -1 -1  0  1   .000717
1 -1  0  0  0  -.000605
1 -1  1  0 -1  -.000138
1  0 -2  0  1  -.000002
1  0 -1  0  0   .109760
1  0  0  0 -1   .000087
1  0  1  0 -2  -.000012
1  0  1  2  0  -.000192
1  1 -2  0  0   .000009
1  1 -1  0 -1  -.000532
1  1  0  2  0   .000003
1  2 -3  0  0  -.000064
1  2 -1  0 -2  -.000006
1  3 -3  0 -1  -.000002
2 -5  0  0  3   .000002
2 -5  2  0  1   .000013
2 -4  0  0  2   .000040
2 -4  2  0  2  -.000001
2 -4  2  0  0   .000149
2 -3  0  0  1   .000802
2 -3  1  0  1  -.000016
2 -3  2  0 -1  -.000002
2 -2 -2 -2  0  -.000002
2 -2 -2  0  2   .000001
2 -2  0  0  0   .011400
2 -2  1  0 -1   .000001
2 -2  2  2  0  -.000003
2 -1 -2  0  1   .000047
2 -1 -1  0  0  -.000041
2 -1  0  0 -1  -.000119
2  0 -2  0  0   .003728
2  0 -1  0 -1   .000006
2  0  0  2  0  -.001996
2  1 -2  0 -1  -.000037
2  1  0  2 -1   .000002
2  2 -4  0  0  -.000005
2  2 -2  2  0   .000003
3 -6  1  0  2   .000002
3 -6  3  0  0   .000001
3 -5  1  0  1   .000021
3 -4 -1  0  2   .000004
3 -4  1  0  0   .000186
3 -3 -1  0  1   .000071
3 -3  0  0  0   .000002
3 -3  1  0 -1  -.000003
3 -2 -1  0  0   .000931
3 -2  1  2  0  -.000046
3 -1 -3  0  1   .000003
3 -1 -2  0  0  -.000003
3 -1 -1  0 -1  -.000014
3 -1 -1  2  1  -.000001
3 -1  0  2  0   .000001
3  0 -3  0  0   .000175
3  0 -1  2  0  -.000219
3  1 -3  0 -1  -.000003
4 -6  2  0  0   .000003
4 -5  0  0  1   .000009
4 -4  0  0  0   .000067
4 -3 -2  0  1   .000006
4 -3  0  0 -1  -.000001
4 -3  0  2  1  -.000002
4 -2 -2  0  0   .000070
4 -2  0  2  0  -.000028
4 -1 -2  0 -1  -.000001
4  0 -4  0  0   .000009
4  0 -2  2  0  -.000019
4  0  0  4  0   .000002
5 -6  1  0  0   .000002
5 -5 -1  0  1   .000001
5 -4 -1  0  0   .000010
5 -4  1  2  0  -.000001
5 -2 -3  0  0   .000005
5 -2 -1  2  0  -.000005
5  0 -3  2  0  -.000002
6 -4 -2  0  0   .000001
0  1  0  0 -1   .033501
0  2  0  0 -2   .000351
0  3  0  0 -3   .000005
.5490165
.0410686
.0046418
.0022064
.0000020