  1  CANANEIA
 25 01 "S"
 47 55.5 "W"
  3  12.0000  3  1 1955 24.000000 13875 1.0
 188 148 147 149 147 141 165 167 167 165 147 180 177 147 139 160 180 157 156 139 120 165 187 165 145 142 134 141 148
 148 170 184 161 145 139 139 158 166 162 166 149 156 152 124 125 172 170 132 151 171 155 160 156 149 162 175 164
 161 159 142 159 189 185 159 153 148 154 186 167 152 169 171 184 210 171 133 125 141 158 159 160 152 137 154 169 151 182 210
 173 172 210 180 154 143 138 133 132 183 204 175 152 137 144 197 198 172 154 159 164 156 163 160 126 132 163 182 175 165
 143 119 129 133 188 208 175 155 166 161 157 168 149 157 174 160 136 122 143 173 178 205 179 171 175 158 160 150 156 174 177
 175 175 164 155 148 158 161 160 186 189 153 121 137 180 166 147 162 157 164 173 194 183 168 205 184 121 123 151 144 151
 182 172 158 185 190 165 187 209 178 149 167 158 166 151 133 130 143 150 142 151 165 181 152 153 162 142 156 205 219 198 182
 178 159 150 161 160 154 142 137 149 156 154 153 140 123 144 145 134 128 131 174 171 142 147 145 155 188 171 148 147 143 140
 160 196 185 156 153 180 168 158 142 119 162 177 134 147 187 165 144 124 112 127 145 141 170 155 146 166 149 109 127 164
 184 200 167 141 115 121 174 178 148 148 164 152 151 188 195 184 174 165 154 151 150 160 183 204 156 136 151 171 177 156 139
 141 157 189 189 157 148 140 143 170 149 134 140 143 151 136 116 149 178 151 161 165 162 170 170 156 131 140 137 126 155
 167 149 174 167 151 164 159 148 163 145 121 149 169 151 137 137 165 162 160 144 130 188 178 128 121 142 177 176 143 138 180
 187 147 137 139 143 170 154 137 156 176 159 140 156 138 134 156 173 188 180 157 149 158 158 173 158 164 190 164 154 170 162
 159 169 182 153 133 149 182 165 147 159 150 138 152 171 175 195 196 161 152 165 154 149 173 184 159 153 174 165 166
 195 186 158 160 164 154 154 147 155 160 145 138 136 151 175 158 143 178 184 165 156 159 136 156 198 165 138 177 188 169 138
 136 180 185 155 161 171 167 189 176 153 209 215 180 162 170 158 150 155 149 140 137 132 118 126 170 194 188 181 179 153
 139 196 189 139 148 190 162 162 218 218 191 165 153 170 177 165 177 189 181 158 155 168 166 150 154 166 164 149 151 164 163
 166 148 149 180 199 183 154 152 144 144 195 180 160 168 171 159 159 154 153 161 155 149 146 144 141 143 160 155 192 215
 181 141 133 164 154 166 207 186 145 139 153 152 149 151 151 149 126 122 162 190 191 162 151 169 173 179 170 146 163 178 121
 133 165 162 205 205 162 138 146 134 112 136 175 155 132 108 108 125 178 177 149 147 154 168 198 187 152 136 144 124 103  99
 130 172 152 129 132 126 162 169 148 159 174 166 141 148 178 162 146 137 170 164 133 110 135 165 151 151 160 162 154 143
 141 112  99 132 180 154 127 148 178 166 159 148 139 149 162 133 113 129 152 143 139 168 176 163 134 127 153 156 134 149 186
 169 170 180 156 140 138 129 124 148 177 146 140 178 176 163 150 141 126 134 176 159 118 122 153 154 194 201 156 143 156
 173 146 157 190 156 141 190 174 157 159 153 127 120 143 204 205 161 154 152 148 139 146 154 190 199 171 146 167 189 164 135
 137 147 134 119 133 145 149 151 157 164 152 151 133 182 206 167 156 155 158 166 154 147 140 157 172 148 135 143 156 146 170
 176 161 196 182 148 136 155 174 161 172 178 173 174 158 152 161 202 200 198 188 164 147 151 164 165 153 152 179
 181 165 177 148 145 179 168 147 150 158 161 165 162 180 188 178 169 164 170 178 167 170 175 180 178 142 143 165 174 170 153
 147 153 176 214 224 200 170 150 141 136 145 152 172 153 127 164 187 177 159 166 158 144 150 172 182 158 172 171 127 136
 214 212 161 156 141 123 120 125 134 148 145 135 140 152 168 159 156 168 166 144 138 140 136 162 178 173 155 124  91  89 118
 130 147 183 198 142 127 155 186 170 157 181 160 127 144 137 127 164 163 134 135 151 148 168 159 138 155 188 164 141 183
 174 179 165 148 152 133 116 131 148 133 135 139 160 201 193 168 149 180 219 182 182 191 172 145 154 171 160 143 133 164 187
 179 199 186 141 128 147 133 117 154 172 161 160 174 194 179 145 132 165 167 144 154 185 150 103 135 148 136 138 148 164 168
 160 174 179 146 148 165 151 145 168 162 141 181 195 177 152 142 164 151 131 161 192 176 167 171 165 163 187 162 161 166
 146 140 140 140 138 141 144 138 142 162 183 146 125 143 145 151 171 150 163 179 163 160 166 163 146 149 163 171 201 177 148
 140 149 173 169 140 127 152 176 188 178 155 144 140 135 131 131 114 116 120 127 152 157 134 161 193 175 147 149 173 146
 139 165 167 173 173 151 153 153 141 128 135 160 156 158 161 159 169 164 148 146 149 168 183 159 130 134 155 153 139 135 154
 161 142 127 138 150 148 136 134 156 169 142 134 149 160 153 137 164 169 144 187 197 170 177 171 164 159 174 204 182 159 164
 162 149 147 160 175 175 165 178 165 166 199 177 144 143 138 144 161 183 171 146 162 186 162 159 197 205 175 156
 162 172 153 152 165 152 181 218 183 150 129 141 185 179 168 180 159 152 169 181 177 154 169 211 178 150 145 140 133 158 181
 193 208 195 153 141 157 165 156 175 183 142 118 188 222 174 153 157 175 162 147 154 178 187 192 175 143 144 139 156 167
 151 160 197 194 161 146 146 150 147 149 164 174 186 157 124 133 144 132 144 179 170 191 208 184 195 208 190 196 180 159 167
 148 117 126 157 170 155 156 163 151 172 179 163 165 172 176 170 191 213 189 169 140 114 120 135 140 147 161 153 150 170
 140 124 156 156 151 152 148 147 153 168 148 134 147 145 135 150 155 148 151 161 147 136 141 138 139 142 154 174 163 134 149
 168 146 148 184 149 166 193 170 152 151 185 176 136 137 129 143 154 169 161 118 133 170 186 153 124 159 175 176 177 186 171
 132 130 131 118 134 162 186 212 176 157 161 157 156 140 137 179 181 154 159 143 125 116 128 145 137 158 166 143 132 146
 178 166 173 196 160 134 188 184 147 158 158 177 180 155 151 145 143 166 191 186 159 142 149 152 140 151 174 167 171 193 184
 156 156 154 153 186 187 154 138 133 173 194 171 152 147 148 167 191 184 149 127 138 145 156 181 163 146 134 128 141 164
 148 160 179 143 136 174 179 149 151 164 148 158 167 170 209 180 131 139 190 190 167 166 170 151 140 144 143 145 151 160 179
 165 149 129 113 166 190 157 144 148 165 196 180 169 176 169 143 150 203 188 147 152 156 168 161 172 157 146 161 150 154 187
 183 162 148 132 147 165 196 190 154 147 168 185 176 167 181 193 171 155 158 180 172 156 167 164 151 160 172 167
 158 148 144 150 165 169 181 163 154 173 208 183 142 183 187 133 134 209 227 185 145 144 143 141 153 149 150 170 161 154 154
 145 141 159 189 162 155 169 167 158 153 174 153 129 149 171 169 166 171 145 134 161 148 152 202 172 154 201 192 138 128
 173 193 165 170 185 170 162 138 147 163 159 211 220 174 125 114 157 147 184 210 192 170 152 162 160 156 151 144 175 161 149
 156 167 202 161 127 175 211 173 174 211 173 142 154 169 175 197 172 142 136 123 141 155 176 185 145 115 138 165 155 141
 130 161 179 156 143 180 198 148 139 150 147 157 157 149 142 182 178 153 151 144 146 162 163 138 135 129 136 156 164 169 156
 151 190 193 172 164 142 179 196 156 161 162 129 147 174 201 159 147 209 202 155 115 118 153 165 161 155 179 172 173 194 163
 138 152 178 179 164 132 142 159 138 152 181 205 183 161 130 112 121 155 164 174 171 160 156 156 149 152 181 186 158 153
 154 152 146 151 168 148 118 121 164 176 138 145 163 149 153 195 191 151 138 127 145 185 149 131 111 129 149 171 209 194 138
 131 128 127 160 171 149 152 187 166 130 145 192 182 162 157 152 143 150 181 171 146 183 185 136 143 199 165 124 123 151
 160 163 151 164 181 155 135 137 172 201 210 194 148 134 131 134 170 168 139 131 155 177 155 173 194 191 159 143 143 137 136
 173 209 179 142 130 150 169 143 135 155 181 179 153 153 154 142 140 148 152 145 158 168 126 153 179 154 143 162 165 159 173
 155 157 167 168 174 190 211 168 151 167 149 140 148 159 146 140 159 196 193 164 162 170 152 148 154 153 153 154 154
 146 142 148 170 177 157 169 176 163 158 165 164 149 152 174 179 168 152 157 164 147 152 174 173 168 174 163 135 137 153 152
 143 164 145 159 181 158 147 162 173 214 211 180 142 148 159 145 165 197 180 155 186 201 164 158 155 184 195 165 173 180
 173 183 185 173 195 201 169 150 177 201 218 217 168 155 152 153 167 174 151 207 213 173 187 188 167 162 144 145 166 174 166
 161 154 141 135 147 163 159 137 142 168 177 170 150 126 146 168 138 166 183 139 146 173 178 211 226 185 168 185 156 134
 146 164 162 135 146 178 165 177 205 192 154 151 147 144 141 148 163 174 175 174 151 137 161 180 152 112 119 142 133 140 169
 190 196 169 155 169 172 137 140 156 151 159 150 126 164 195 159 145 140 174 163 156 156 132 120 134 154 174 176 131 117 180
 228 208 184 139 127 162 151 132 184 199 140 128 184 172 153 159 160 155 186 156 128 154 167 156 161 184 178 164 162 147
 148 143 148 162 152 146 143 173 150 150 151 154 171 150 149 168 147 154 165 159 152 158 156 162 180 199 207 204 171 143 130
 124 133 149 152 162 188 160 132 166 174 158 154 166 172 204 225 174 154 179 186 185 173 167 154 182 191 162 152 149 161
 185 191 205 190 166 173 175 157 152 167 181 141 118 145 165 163 170 195 180 179 195 159 171 189 184 206 191 158 181 187 157
 150 172 173 178 178 159 183 193 155 140 158 187 160 134 147 159 159 168 182 169 150 186 200 153 168 217 193 173 169 165 166
 166 170 181 181 168 171 161 164 193 170 144 175 186 194 183 147 138 141 158 167 155 153 165 175 175 149 188 229
 185 166 159 150 182 227 210 172 157 174 176 167 170 174 174 159 185 232 202 172 162 165 164 157 152 175 226 181 139 131 145
 147 171 198 165 169 185 201 169 146 183 175 149 167 181 172 173 157 172 217 201 181 152 149 182 214 198 173 180 208 196
 181 191 175 171 174 167 166 175 183 173 174 179 156 162 179 160 168 167 182 214 194 166 161 163 166 161 154 158 166 155 142
 155 167 171 138 156 197 179 134 129 165 210 202 181 208 212 200 170 152 151 162 168 137 138 156 143 127 130 128 154 179
 144 135 170 174 146 143 193 207 175 161 133 129 129 151 160 159 159 157 150 137 136 166 181 143 132 183 203 195 197 174 152
 165 151 134 146 153 134 142 176 168 147 149 166 154 155 190 163 158 170 164 168 173 152 132 146 155 163 163 136 161 158 173
 195 152 112 154 191 184 176 160 136 142 162 161 163 135 123 171 169 162 165 149 159 181 182 142 133 151 155 158 206 192
 132 132 159 170 136 128 158 162 147 141 142 153 161 149 177 180 132 121 148 153 145 184 190 139 133 153 159 155 158 157 138
 123 125 138 161 173 195 172 162 172 144 161 196 160 159 186 163 159 126 112 148 163 150 148 160 153 149 153 167 162 167
 156 140 169 183 166 143 133 130 147 169 156 141 158 162 137 128 127 154 161 145 164 174 143 162 191 169 159 141 160 198 176
 146 120 143 194 175 149 156 162 168 162 174 154 141 141 186 211 170 150 161 175 157 143 145 154 190 195 167 145 149 167 167
 163 155 148 156 188 178 158 169 171 159 155 149 151 153 152 165 163 172 218 196 149 159 177 199 216 220 187 151
 143 144 152 152 140 143 172 181 169 137 192 205 180 194 185 166 141 143 152 164 173 171 184 183 158 147 144 145 149 159 161
 150 157 193 193 169 147 144 145 188 221 166 137 155 173 167 174 194 169 151 146 152 157 172 194 163 166 203 223 195 149
 155 159 171 210 193 173 235 219 158 129 131 157 163 160 147 137 181 195 185 173 162 164 165 184 184 165 164 185 229 221 182
 146 110 139 191 164 153 159 164 164 175 205 194 170 170 159 146 136 132 138 152 159 197 207 171 132 107 119 146 143 136
 152 168 168 158 162 175 193 158 132 127 150 146 152 160 142 164 177 168 185 202 172 133 158 184 177 171 156 151 142 138 153
 147 131 133 142 139 146 140 137 141 155 151 163 189 159 114 121 148 144 168 205 200 198 209 188 158 126 139 176 179 167 155
 131 143 140 142 142 152 152 147 163 157 170 195 179 141 110 110 138 161 180 168 161 167 171 173 155 142 136 140 174 196
 184 166 156 152 153 144 127 164 196 160 187 193 169 156 152 135 116 165 183 168 182 154 142 149 139 130 133 187 189 160 160
 157 162 160 151 149 166 184 169 144 137 147 153 128 121 136 167 172 163 152 147 192 193 162 128 134 155 144 143 162 167
 173 137 138 184 180 157 135 113 124 149 146 140 184 189 158 129 121 162 186 153 135 147 173 166 166 169 174 200 171 157 184
 179 149 143 155 149 147 148 148 145 177 224 193 155 157 178 168 170 181 167 149 151 165 187 180 151 162 175 163 182 196 166
 160 166 153 147 172 196 185 172 162 140 145 166 164 156 146 141 144 144 148 175 192 186 175 163 169 157 150 145
 151 173 177 159 147 147 139 161 185 197 176 133 146 194 188 142 138 160 163 172 175 175 188 170 160 169 169 211 212 180 163
 146 146 176 183 168 156 159 157 164 209 199 170 191 176 140 189 218 183 166 186 176 167 170 171 172 168 168 179 190 184
 182 174 179 231 232 186 185 173 151 181 179 164 190 171 170 205 186 175 172 147 157 167 134 143 188 171 152 160 160 170 178
 169 155 147 148 154 167 187 164 155 172 147 172 204 194 152 114 139 192 196 163 201 218 158 146 154 141 142 139 141 163
 171 176 174 169 151 132 128 145 173 168 168 155 152 154 155 182 203 173 173 148 150 218 208 153 141 148 138 143 142 151 154
 150 166 147 147 198 215 182 127 143 174 162 167 200 173 140 184 179 146 128 137 153 156 162 158 147 165 159 134 147 166 138
 131 160 156 144 153 156 160 181 170 157 169 195 188 163 158 180 181 172 172 149 154 189 190 151 130 144 164 151 139 173
 182 152 154 151 140 138 164 150 122 142 151 139 140 132 126 144 167 163 158 154 128 135 176 155 129 126 145 154 156 146 126
 141 159 133 103 103 147 162 136 143 134 136 154 158 172 182 180 164 158 151 158 204 183 138 135 144 156 178 175 164 137
 129 188 167 126 163 181 158 155 172 182 143 149 183 165 164 156 143 125 193 243 192 159 149 150 149 149 147 142 148 162 162
 172 202 173 168 174 162 145 163 200 181 153 146 154 186 172 153 188 199 164 139 133 166 177 155 162 160 148 198 188 144 141
 155 162 194 191 152 123 128 162 197 184 161 171 168 150 170 194 201 181 202 206 176 175 175 175 175 166 167 163 154
 163 173 166 141 155 187 196 166 132 125 140 168 176 181 186 205 211 171 143 145 148 140 152 166 176 173 161 167 212 245 195
 188 180 151 151 166 155 148 176 172 166 176 148 145 183 165 139 174 193 180 173 166 152 149 175 207 200 191 196 192 161
 156 206 191 155 142 159 163 177 186 177 180 182 183 190 164 148 159 154 148 162 164 166 172 175 159 147 150 186 210 180 135
 117 136 141 134 166 215 169 148 151 163 187 173 158 170 184 191 204 189 158 162 181 186 176 169 187 181 172 158 177 173
 137 142 161 189 179 132 114 118 160 164 133 139 150 141 121 137 186 173 169 178 173 161 136 126 122 152 171 163 148 135 132
 132 144 182 167 148 143 122 117 160 186 146 133 135 125 117 164 165 127 144 168 160 168 175 145 129 148 147 140 135 135 152
 145 182 192 150 109 123 166 165 148 155 183 182 157 108 114 130 132 163 145 135 154 162 159 153 151 150 146 145 161 172
 145 156 194 180 169 175 189 167 151 145 155 186 179 146 147 143 142 160 147 121 135 187 196 152 124 109 141 149 132 145 178
 204 179 159 135 125 158 169 174 193 195 182 139 123 153 167 180 163 136 153 166 175 184 167 147 155 170 136 128 166 177
 171 139 176 203 166 132 129 134 136 155 159 150 199 194 161 129 161 200 185 150 147 165 154 131 152 184 181 171 168 199 172
 140 140 151 172 188 154 124 161 210 175 135 145 165 162 142 132 148 177 193 182 164 158 170 179 160 152 166 172 171 167 165
 173 171 159 167 178 192 205 208 184 179 167 146 153 185 187 176 178 191 185 174 156 162 179 185 184 180 166 158
 182 203 214 201 161 153 192 172 190 226 210 186 166 156 158 157 183 199 223 206 174 173 171 166 165 167 185 195 170 162 167
 185 190 167 154 165 160 153 148 162 211 178 158 204 195 146 143 156 168 201 176 173 191 164 155 180 187 187 189 224 217
 171 149 170 168 158 149 170 177 172 161 185 195 171 151 191 189 188 200 196 173 155 179 214 203 147 134 153 165 144 129 153
 159 155 170 170 162 162 142 130 163 163 150 161 154 137 137 153 149 140 153 145 133 135 134 143 140 130 128 136 145 144
 152 156 149 148 196 213 189 167 152 164 207 193 127 111 180 206 172 133 125 151 194 174 119 106 105 106 118 140 154 145 132
 135 141 146 164 155 149 142 132 122 121 121 124 142 149 165 153 149 168 196 197 153 131 142 152 142 154 151 171 179 172 167
 146 151 159 150 159 167 163 148 125 121 150 171 176 136 147 174 141 138 148 161 177 143 126 125 152 185 181 151 136 135
 170 199 189 159 133 131 135 156 152 149 199 183 136 128 154 153 130 123 125 158 153 137 145 160 161 167 137 125 156 205 182
 147 129 119 147 198 173 135 139 150 139 133 171 174 139 148 169 171 147 146 148 133 138 130 122 160 162 139 147 146 129
 130 155 149 119 131 174 162 157 192 169 129 156 172 162 200 182 145 134 159 166 174 201 193 160 131 135 180 183 169 150 140
 144 148 138 151 167 152 140 148 158 184 197 173 166 169 150 141 142 141 141 145 142 157 154 154 144 172 166 136 123 131 161
 168 143 147 160 140 160 157 148 208 221 163 148 171 182 149 134 144 143 136 164 169 167 181 144 152 193 174 132
 136 157 145 147 161 207 196 157 162 169 161 129 136 151 134 134 133 146 162 154 148 165 167 157 158 183 182 152 141 146 141
 137 140 159 154 144 144 141 139 141 145 149 141 133 120 153 162 121 121 148 174 166 137 118 148 174 165 151 140 145 160
 141 120 129 168 156 147 147 165 163 157 185 181 166 158 145 148 152 156 136 142 139 137 185 203 158 107  98 124 162 151 125
 135 174 191 150 135 155 149 141 153 144 120 127 147 151 141 157 158 163 163 139 134 142 146 172 182 140 117 145 171 180
 176 157 136 142 140 130 132 123 129 137 134 123 120 161 158 148 153 146 118 117 146 146 159 182 170 154 142 124 122 153 175
 185 151 109 126 183 182 182 156 160 143 134 138 118 156 209 171 151 132 115 149 171 145 142 176 177 135 128 111 121 184 165
 156 217 206 173 153 152 145 148 177 179 155 176 183 166 170 198 229 237 198 164 188 210 176 147 132 156 186 165 142 134
 155 178 177 179 161 159 156 139 161 179 149 160 200 160 149 186 177 160 205 234 177 151 159 189 182 155 164 194 196 184 181
 176 160 148 147 157 155 160 179 184 167 158 172 204 194 161 168 202 181 191 177 153 151 151 140 154 162 148 157 142 135
 173 182 148 162 189 185 161 153 155 166 171 154 171 163 151 190 187 159 164 197 201 176 182 208 184 162 157 157 165 169 178
 164 144 141 175 198 175 151 138 146 176 172 173 167 160 179 188 171 153 174 182 157 194 191 162 144 141 162 168 163 183 171
 148 168 211 199 166 155 159 172 197 195 169 160 152 181 221 172 178 221 191 167 175 169 174 167 188 215 182 158
 147 145 147 147 139 127 120 103 104 145 171 148 145 154 156 172 155 126 109 113 110 129 165 147 135 139 141 134 141 149 151
 158 136 131 157 168 133 127 138 148 144 124 128 137 157 171 176 156 130 166 182 147 167 166 174 205 180 159 146 136 151
 146 140 152 146 141 152 146 136 121 115 133 148 145 139 140 141 133 116 108 141 168 131 124 152 135 135 165 150 150 168 168
 157 131 144 203 177 169 173 184 208 187 179 190 221 211 181 145 127 135 129 134 139 149 120 118 171 155 130 144 156 143
 148 157 134 122 145 160 132 122 148 150 177 176 153 144 151 153 131 116  89 115 174 195 192 144 124 157 168 155 155 179 166
 149 155 155 196 199 167 133 129 153 169 166 175 166 149 162 181 177 166 159 165 167 161 170 195 168 140 129 136 175 158 141
 165 163 149 147 173 167 170 185 203 191 163 126 133 178 172 142 141 162 169 175 188 170 156 131 137 149 150 153 159 169
 147 142 156 153 158 168 142 138 152 147 155 162 173 160 142 169 143 117 140 176 199 191 157 149 145 152 149 149 177 193 170
 135 130 206 203 153 144 146 163 165 149 130 169 196 173 160 166 175 161 159 171 164 150 132 142 187 182 170 175 173 169
 149 138 162 195 192 170 131 139 195 192 152 151 147 150 166 135 127 153 173 166 161 168 198 188 151 153 160 159 162 162 149
 145 173 214 201 184 175 160 147 126 142 170 164 158 165 169 158 181 169 180 178 149 181 214 177 154 141 139 151 158 180 200
 168 146 142 141 140 141 141 157 154 124 147 171 176 177 173 186 174 160 163 161 139 123 158 216 200 157 153 156 182
 171 146 168 169 143 138 150 175 172 138 158 185 166 150 143 192 234 202 156 139 150 173 178 158 131 156 208 196 175 140 154
 217 206 159 165 214 232 226 173 154 169 154 164 230 229 175 169 163 142 134 190 223 175 148 187 186 144 125 137 174 198
 219 209 148 147 166 170 165 161 158 180 181 195 165 126 190 226 214 184 170 179 161 189 212 163 123 134 156 152 180 164 134
 138 146 136 128 122 133 165 175 160 137 142 154 127 126 162 180 143 133 175 171 155 145 159 159 171 177 167 139 143 160
 148 134 128 129 156 183 141 126 152 193 176 135 124 116 120 131 131 151 156 140 144 159 146 135 133 142 131 126 122 120 139
 149 134 131 158 156 154 142 156 159 187 194 140 122 138 174 145 121 109  97 110 133 182 179 130 119 148 138 118 119 166 189
 163 193 213 146 118 136 136 117 113 117 159 188 179 154 123 148 191 156 115 139 202 181 131 108 140 127  97 134 169 187
 156 121 125 142 131 127 141 160 164 141 123 130 140 142 129 115 119 150 193 165 133 132 110 114 138 164 159 135 138 169 153
 130 144 154 149 147 124 130 166 136 126 162 163 145 126 128 163 156 135 156 158 116 103 150 163 146 133 113 116 134 152
 165 148 141 139 143 174 174 136 137 143 101  82 103 140 136 129 173 180 117 105 133 160 162 152 183 173 135 138 178 156 125
 127 169 165 133 137 165 162 149 166 181 188 179 158 141 131 168 179 153 148 165 162 158 162 169 174 176 153 142 143 140 146
 160 185 200 163 139 148 177 180 152 159 146 147 203 187 159 170 181 204 234 205 174 173 167 165 174 172 169 180
 173 174 171 180 182 208 211 169 157 174 183 168 157 153 160 179 155 150 203 208 176 182 195 179 157 173 216 218 193 180 173
 152 191 198 173 162 161 202 190 154 155 159 138 137 137 130 137 143 131 139 144 162 177 157 170 163 149 148 145 161 175
 161 130 128 184 208 171 163 146 156 159 130 137 177 170 140 127 133 141 146 159 166 172 161 159 168 140 140 166 151 123 120
 179 216 212 206 198 161 134 110 128 156 137 136 147 138 151 172 162 177 193 191 187 141 119 110 104 104 115 131 124 155
 175 158 152 126 113 147 200 210 178 158 195 170 139 139 153 183 169 128 123 154 163 159 180 173 116 101 139 137 123 131 135
 175 221 184 143 111 125 175 163 132 141 151 157 150 139 158 174 177 192 192 195 202 170 128 158 190 165 161 186 190 158 130
 123 142 129 112 163 190 168 175 172 153 152 168 180 158 136 125 114 137 167 146 150 164 137 129 126 129 166 159 142 159
 177 163 133 161 153 173 197 163 120 137 182 158 129 121 153 190 184 168 159 167 147 121 154 173 147 128 121 128 155 155 134
 150 168 167 162 124 133 151 138 160 168 138 123 130 142 140 145 143 152 179 184 151 140 160 145 127 134 140 124 134 167
 180 176 153 141 133 127 137 155 143 128 115 112 147 194 183 153 136 125 120 142 152 142 145 141 126 142 162 143 117 126 157
 139 116 112 133 156 143 122 139 160 193 210 170 120 118 161 181 143 133 150 138 131 131 153 178 162 147 140 125 101 109 123
 142 149 135 143 157 134 138 164 154 140 148 140 143 140 144 136 146 151 164 161 143 161 188 174 155 135 126 127
 136 143 124 116 140 141 123 138 170 166 144 169 201 187 163 135 170 190 150 134 145 161 160 163 181 154 133 141 135 147 169
 151 123 145 183 168 171 169 151 143 136 146 139 158 164 164 188 177 153 150 160 153 152 152 137 129 141 165 181 176 158
 143 159 168 140 140 177 198 176 156 154 177 195 159 123 144 171 180 173 179 184 177 154 156 166 148 135 145 147 123 139 163
 140 133 151 142 156 196 187 152 149 149 134 141 162 172 191 175 144 123 169 156 117 149 195 202 188 158 126 103 141 184
 176 205 175 115 107 150 164 190 186 152 141 168 179 155 127 107  93  97 126 128 137 142 129 117 123 119 116 166 166 129 162
 155 125 142 154 159 179 142 156 227 187 135 102  85  98 166 159 123 119 122 116 138 164 151 159 174 186 178 166 155 166 174
 166 148 144 144 119 131 174 186 156 127 146 162 135 144 184 156 137 140 124 140 174 153 139 150 165 147 140 127 139 162
 167 160 178 172 159 159 181 168 139 140 151 139 166 170 149 144 120 107 146 186 169 158 168 163 134 132 177 169 139 130 109
 100 174 178 140 148 137 118 129 144 146 168 147 127 173 206 156 129 174 214 189 170 225 236 181 147 142 125 124 147 158
 145 182 211 188 131 144 188 169 138 153 154 151 158 160 168 160 139 146 167 165 142 165 167 145 147 148 145 145 172 183 152
 178 171 139 132 150 183 156 143 160 176 173 151 154 194 171 145 154 147 140 144 149 146 159 140 148 169 151 161 167 160 179
 174 137 146 166 146 145 164 161 139 157 174 150 136 140 158 157 159 135 128 183 207 171 153 169 224 200 164 164
 151 149 158 153 141 140 144 148 171 165 163 176 153 150 183 183 155 168 165 167 187 171 161 187 182 153 165 175 171 166 153
 167 158 158 206 198 172 149 159 191 187 170 170 160 169 165 135 159 200 190 194 210 216 214 227 221 197 162 148 155 167
 166 158 188 203 206 192 164 154 171 173 148 152 150 172 160 145 183 183 142 140 142 133 144 149 158 191 206 197 169 156 155
 154 145 180 201 179 165 158 147 148 171 183 189 182 165 161 183 215 205 174 145 135 132 164 198 152 143 148 149 162 150
 158 190 177 142 146 151 159 161 137 149 164 140 107 163 174 144 138 127 136 147 145 155 179 148 140 144 156 152 144 164 179
 150 147 135 132 166 171 170 164 157 172 177 156 147 203 196 144 137 139 127 131 138 116 133 175 182 157 134 125 121 127 119
 118 132 138 147 161 139 154 153 140 159 150 100  80 111 111 115 146 136 110 126 163 153 170 154 137 131 129 135 145 147
 146 148 149 148 216 214 160 133 141 138 169 189 178 180 140 106 121 145 137 112 119 151 134 124 163 156 142 139 142 138 127
 134 138 154 165 178 152 166 159 120 156 167 138 169 169 139 133 138 146 179 171 135 129 136 129 143 172 163 131 111 115
 153 170 139 155 214 189 123 138 167 140 159 147 139 170 169 143 115 149 158 137 130 164 206 184 145 139 140 136 146 137 127
 137 151 151 143 157 185 165 161 159 137 128 124 131 151 142 132 141 158 160 132 149 169 163 161 157 150 141 167 179 174 150
 128 145 197 163 134 130 141 159 144 132 151 165 150 148 181 176 145 145 188 198 152 129 154 180 148 155 172 171 174
 163 145 144 161 160 133 122 163 175 147 174 179 139 144 175 158 159 160 191 217 167 157 152 140 158 200 179 145 160 178 159
 171 173 141 152 185 166 140 145 153 162 160 179 162 141 178 225 177 155 154 150 147 152 149 130 144 155 162 200 204 182
 151 147 143 124 133 163 135 128 143 151 165 165 147 136 151 146 143 171 187 165 137 126 161 186 168 147 149 153 129 145 154
 129 142 177 170 165 168 161 147 151 159 160 170 162 153 122 108 149 173 175 187 194 173 154 164 163 158 173 182 170 163
 156 137 130 160 193 170 110 129 202 184 166 149 173 204 163 141 169 170 139 116 115 147 191 147 140 166 169 145 124 147 157
 133 108 150 225 206 174 157 173 161 139 142 155 176 184 139 116 106 141 158 150 147 161 176 159 137 142 181 169 154 177 187
 177 177 180 152 118 121 146 145 141 146 158 145 152 155 124 103 101 126 139 130 176 180 145 116 114 135 152 175 160 153
 131 141 176 191 172 166 178 185 147 148 167 154 151 142 133 133 134 123 107 110 136 146 147 141 140 136 114 178 192 150 140
 137 171 174 144 147 183 156 127 155 150 125 135 154 167 171 152 140 127 163 170 154 165 157 137 142 151 166 147 141 173
 171 140 116 129 136 171 200 178 142 137 165 202 200 151 129 133 145 142 134 141 138 135 138 130 156 168 138 140 142 139 162
 150 135 153 162 155 153 173 166 165 160 141 153 152 149 176 181 147 136 133 157 154 127 141 153 181 181 152 126 136 147 119
 118 139 137 139 188 173 141 125 123 158 168 160 153 172 197 188 155 148 160 155 132 140 163 143 132 165 172 147
 134 136 161 175 180 184 171 168 178 173 163 153 149 142 136 149 161 142 121 141 177 169 158 157 148 147 161 191 173 143 145
 151 160 160 153 157 158 135 159 199 185 153 148 166 183 160 164 190 166 167 173 162 173 159 160 168 147 152 166 155 151
 150 151 200 196 172 159 177 188 157 158 202 231 214 186 155 136 132 160 177 139 148 190 178 139 141 167 141 123 145 152 145
 152 145 148 161 147 145 173 150 115 129 166 158 142 170 170 140 144 150 148 148 148 148 147 147 147 147 147 146 147 141
 148 187 171 145 150 177 161 121 126 147 149 128 134 161 168 152 150 188 210 183 160 154 159 156 146 144 160 150 164 159 140
 140 170 163 142 149 162 181 154 135 167 179 175 155 152 171 186 155 126 130 163 185 187 155 130 117 161 196 200 194 170 160
 142 153 156 137 144 183 213 184 130 127 155 143 143 166 163 165 161 158 174 190 166 154 153 157 146 129 145 188 185 164
 144 137 139 127 120 149 159 159 151 123 117 157 185 176 160 159 150 137 158 182 151 130 148 178 193 163 145 143 131 135 174
 158 170 179 144 135 147 144 168 165 158 171 161 160 166 147 126 137 181 180 159 167 158 125 142 193 184 152 178 177 132
 139 170 161 133 149 169 157 177 177 151 155 181 165 125 149 180 169 150 152 181 165 146 146 156 165 164 141 130 135 145 163
 162 147 127 122 124 125 153 167 155 158 178 181 149 132 186 188 149 132 152 152 136 142 150 163 149 121 124 161 173 162 155
 146 138 142 154 147 144 153 146 164 161 127 121 135 153 163 169 173 159 140 144 161 174 172 155 155 162 153 143
 144 143 138 172 162 143 154 148 140 145 147 158 154 149 148 150 210 193 164 174 171 160 158 159 159 174 181 167 163 163 144
 154 179 164 167 179 182 159 159 160 150 170 178 165 154 168 167 149 141 183 198 162 155 177 196 195 213 216 167 137 142
 168 160 162 172 184 182 155 134 121 133 142 138 142 174 186 145 121 145 161 160 126 123 143 149 151 144 145 159 154 158 167
 164 139 174 196 177 179 163 157 138 154 166 190 223 200 132 113 152 169 156 122 126 177 171 151 163 160 154 130 105  92
 105 115 124 134 139 140 138 145 149 148 153 146 130 125 141 157 139 149 166 166 151 181 180 158 144 138 138 129 131 151 159
 126 112 135 158 147 158 158 162 157 146 150 142 133 134 168 214 173 164 196 165 133 146 134 116 139 155 145 147 156 157 140
 179 181 172 179 182 174 154 136 176 206 143 127 134 138 141 139 149 157 157 157 123 118 149 145 125 143 156 156 159 174
 175 162 166 164 161 163 173 166 153 147 136 155 158 149 148 145 156 179 187 164 159 189 165 127 159 181 156 162 185 211 192
 172 177 145 123 157 232 215 191 175 168 147 141 162 177 200 200 162 147 134 162 179 192 190 148 143 169 167 186 186 142
 136 165 180 187 175 151 149 140 135 187 197 136 123 183 168 131 148 199 187 139 122 153 160 174 185 166 148 141 189 187 167
 201 205 171 163 162 152 127 129 162 173 164 182 173 163 164 167 176 197 219 201 165 153 159 152 149 151 160 186 186 163 151
 143 153 180 176 204 202 151 133 174 176 140 145 167 177 149 155 182 182 180 163 158 186 175 146 177 211 185 172
 170 154 165 169 152 165 180 182 178 167 161 174 186 167 152 188 193 161 113 131 216 191 148 180 191 167 158 159 139 139 184
 187 162 176 179 160 152 144 133 136 180 176 184 207 152 168 213 172 140 150 159 159 146 120 149 175 162 172 170 158 184
 215 185 183 192 193 194 180 158 143 132 142 165 168 162 168 168 170 181 176 160 153 140 123 119 119 124 138 147 144 141 144
 156 169 183 189 180 172 187 200 181 151 151 160 156 151 138 113 105 111 118 122 129 127 151 152 160 157 131 120 146 141
 121 131 148 145 133 158 180 130  99 115 132 141 158 128  98 160 199 198 181 126 124 144 136 119 138 192 189 146 107 105 116
 120 126 150 167 150 151 152 148 142 133 121 126 133 149 141 126 143 153 125 105 128 145 132 157 145 160 167 116 126 156 134
 124 142 137 110  97 125 161 155 117 119 152 152 129 116 154 152 125 126 120  99  95 129 164 159 176 193 149 108 109 114
 148 149 159 152 143 148 118 117 171 167 149 144 122 132 160 157 151 148 135 135 161 164 175 143 107 117 138 145 151 146 155
 158 155 139 132 134 119 126 150 165 149 159 168 138 118 120 103 140 180 161 127 123 160 140 136 182 158 145 126 130 191
 190 153 135 153 151 129 141 143 158 165 145 146 159 166 152 116 128 142 116 141 177 145 139 173 167 141 133 153 179 160 143
 128 114 124 131 113 122 159 145 121 126 139 135 128 127 125 148 144 126 127 158 199 182 146 116 130 155 171 176 157 132 133
 132 145 168 162 147 152 182 182 163 168 170 155 144 143 148 145 141 145 150 140 131 157 186 170 153 161 170 159 148
 136 143 149 130 130 136 121 134 137 136 131 123 168 213 167 135 121 140 169 158 155 173 149 130 164 191 179 160 156 172 151
 125 131 167 165 140 121 145 175 160 151 142 164 177 165 161 152 132 149 167 142 112 142 204 192 141 130 144 135 135 158
 178 166 141 134 143 157 159 165 178 164 157 160 155 149 139 132 140 157 175 186 185 173 159 154 158 157 156 154 151 154 164
 123 115 159 201 173 152 177 156 150 159 172 178 163 142 160 142 151 164 142 147 169 153 141 140 133 156 194 179 170 198
 194 159 136 122 151 162 121 152 204 194 171 139 133 152 161 157 125 137 123  96 108 124 122 114 124 150 145 139 147 154 154
 158 154 155 151 131 124 136 143 137 152 178 172 165 185 198 168 137 150 165 161 166 153 137 128 132 150 144 125 139 156 132
 114 127 134 152 181 181 165 155 165 166 158 154 148 156 164 144 134 157 179 162 141 142 160 165 148 140 136 136 129 128
 178 187 165 125 104 145 176 166 146 168 184 160 156 134 127 148 138 139 198 190 163 158 131 138 175 171 172 159 154 147 112
 137 184 156 120 137 181 200 175 174 179 179 151 135 149 142 138 144 137 147 170 164 171 204 166 133 178 168 124 127 167
 166 171 170 146 143 160 153 177 206 175 145 142 151 140 147 152 176 157 126 139 167 158 144 156 163 147 150 172 180 155 117
 120 151 150 157 182 160 148 149 140 133 136 143 150 161 144 128 143 156 155 143 151 159 147 138 149 170 163 153 161 169 184
 170 136 151 177 161 151 162 158 137 147 166 169 168 130 138 153 133 149 159 143 122 134 150 151 131 124 143 144
 161 198 176 146 142 146 144 141 153 155 162 196 164 132 156 160 176 172 154 158 178 166 149 163 170 154 150 157 189 196 206
 230 197 172 161 159 182 187 144 110 180 204 163 143 149 158 160 168 189 174 161 159 160 163 166 167 151 149 147 141 141
 138 153 191 160 126 150 173 149 160 167 172 168 153 160 178 213 249 227 163 159 178 184 194 187 159 131 133 155 156 171 174
 151 147 149 155 167 172 175 170 145 146 191 183 136 142 160 171 174 141 142 168 172 189 210 157 133 188 174 111 137 152
 128 121 139 146 161 155 140 153 159 150 142 136 147 175 165 167 185 183 173 165 138 128 147 151 162 146 133 153 147 120 150
 195 175 167 157 165 167 156 149 155 163 132 133 169 188 172 172 164 185 187 153 131 144 162 155 172 170 150 158 160 151 148
 196 201 179 164 149 132 107 115 147 148 153 152 126 124 151 153 145 170 181 150 130 140 145 172 181 143 132 132 166 191
 163 175 174 140 118 117 123 109 110 135 159 203 175 122  89 145 190 151 139 152 156 134 141 151 141 138 157 172 151 139 136
 158 169 162 175 172 135 117 101  92 130 164 161 183 179 129 134 149 150 130 135 162 162 171 172 152 136 112 140 190 165
 146 147 151 147 156 145 163 179 154 141 143 144 140 156 135 124 134 132 130 144 180 186 144 137 134 129 124 118 132 163 156
 178 178 159 141 122 138 156 149 156 158 138 152 171 147 152 179 162 142 135 146 166 165 142 121 146 170 161 153 125 146 144
 146 164 160 186 186 163 169 164 152 158 165 157 148 149 147 146 157 202 190 131 139 165 165 152 154 150 135 123
 119 151 173 163 175 171 172 199 190 158 144 133 155 165 153 129 125 144 151 164 162 151 143 147 148 159 156 158 168 160 155
 196 210 161 132 145 170 220 223 173 148 171 155 154 170 149 156 176 158 148 199 200 164 190 211 178 133 138 151 153 171
 177 169 142 140 176 184 183 184 159 142 132 143 162 164 149 162 189 184 170 152 186 215 203 191 153 142 167 184 176 185 202
 208 166 143 183 222 205 153 148 198 191 156 136 126 152 155 131 117 134 143 154 191 162 133 144 154 158 167 149 139 147
 174 168 144 153 164 143 153 158 133 127 145 159 159 151 121 145 169 164 164 152 145 148 151 170 171 131 139 163 135 145 179
 151 119 121 129 134 142 130 140 155 149 146 196 214 179 165 168 140 132 169 189 170 154 154 209 189 143 133 140 135 146 202
 167 128 163 174 148 145 146 152 186 178 155 176 152  95  88 150 171 140 126 131 134 152 153 136 138 141 112 108 169 176
 133 121 143 160 149 162 164 133 106 121 171 174 135 149 175 170 160 170 187 173 153 142 126 138 155 158 147 159 154 142 171
 174 178 149 156 195 172 193 183 130 147 184 158 188 200 164 133 121 126 144 160 155 157 174 167 136 128 156 186 174 149
 139 146 153 166 151 153 163 158 154 166 172 147 133 125 155 178 170 160 152 153 157 163 161 129 119 182 193 152 136 154 166
 166 166 152 179 178 155 152 148 152 141 137 142 144 138 143 162 155 144 146 168 154 137 128 127 135 141 150 161 178 176 168
 176 149 142 150 149 151 166 174 161 149 147 152 166 185 173 166 176 164 143 166 183 175 144 118 137 161 170 162
 176 211 186 146 132 131 142 156 187 190 189 172 172 165 160 168 165 161 153 143 136 155 181 188 184 166 161 174 169 169 177
 164 151 175 194 198 198 212 211 176 153 163 199 184 148 136 127 161 181 174 164 168 208 197 156 166 156 163 162 143 138
 168 209 186 136 170 172 162 171 177 171 156 156 175 173 154 148 145 142 156 162 156 155 205 210 160 142 174 204 181 171 203
 194 158 137 140 175 194 189 171 159 176 168 156 175 216 208 170 145 140 150 138 149 153 134 145 181 167 155 156 143 148
 155 144 117 140 174 167 141 155 172 166 151 133 135 149 165 179 202 173 122 144 176 162 157 155 145 169 159 122 118 135 128
 121 123 143 156 157 140 131 159 154 150 165 181 171 153 162 167 148 147 167 183 158 133 141 169 151 136 173 161 142 169 167
 163 170 162 166 191 168 139 154 148 119 113 129 144 164 186 149 153 194 188 158 128 134 156 160 154 153 139 132 161 158
 155 152 151 148 138 148 168 175 168 161 160 143 132 126 167 213 188 145 175 183 140 114 143 175 155 151 157 140 148 170 170
 162 157 157 172 166 127 120 159 213 203 180 163 150 156 180 176 149 132 180 198 158 136 131 161 205 225 178 138 128 139
 146 169 189 181 179 163 141 154 163 159 156 141 145 160 189 209 171 159 163 154 146 174 197 164 150 154 177 158 125 130 180
 254 227 153 148 170 153 130 153 167 169 179 176 169 147 143 149 146 155 162 162 193 173 145 164 217 206 161 159 182 154 138
 179 197 176 147 148 150 158 172 169 139 149 187 154 158 180 146 144 204 217 177 173 173 179 164 156 152 149 152 157
 158 164 176 175 147 131 149 173 165 157 166 167 167 188 177 154 152 164 161 156 152 150 148 159 161 165 169 166 161 190 200
 171 158 154 152 166 174 174 158 139 154 156 160 195 204 204 186 176 140 129 164 162 133 128 137 150 159 139 135 145 142
 172 222 206 183 168 150 150 170 155 140 142 148 139 133 146 161 175 161 144 155 153 156 186 161 142 163 154 130 155 179 167
 161 194 214 220 199 174 161 161 143 142 172 180 154 181 204 153 138 148 158 208 206 160 143 140 125 162 201 167 118 114
 187 221 197 180 150 148 149 111 121 177 180 148 152 167 213 201 153 154 151 122 154 171 170 164 136 121 140 155 165 213 229
 183 159 147 138 128 146 152 149 157 153 152 180 174 143 146 156 158 173 153 154 146 139 188 184 148 174 210 181 140 136 137
 145 169 156 182 227 196 146 128 162 206 158 142 153 131 147 226 213 148 126 159 179 208 211 184 181 173 145 135 148 150
 130 108 121 159 205 198 176 143 142 152 163 164 158 144 140 136 134 143 151 161 142 156 198 193 167 145 153 160 165 169 184
 187 156 122 123 137 148 163 170 165 189 180 161 152 157 133 118 173 179 128 117 143 165 152 182 185 167 176 148 141 129
 143 154 156 161 175 165 156 163 154 148 161 170 179 171 176 191 195 158 160 188 204 199 163 154 170 162 141 144 149 167 162
 143 146 154 172 172 151 145 189 183 152 159 161 144 171 200 188 150 131 162 167 187 220 196 165 165 163 140 127 137 185 188
 142 129 160 172 195 201 163 145 144 172 179 152 145 172 182 147 157 158 148 169 161 149 142 140 136 137 152 157
 168 172 154 185 177 150 161 191 184 163 159 176 190 160 145 177 198 199 169 168 195 179 152 147 169 186 165 165 158 157 177
 176 151 135 133 175 171 152 148 135 133 133 139 162 179 180 198 176 150 150 149 161 162 139 171 186 153 153 178 181 188
 167 157 166 155 147 146 155 145 130 150 171 163 156 148 193 190 127 120 133 148 173 158 135 130 135 165 188 174 152 134 139
 130 129 176 179 169 167 190 221 170 128 147 179 170 165 175 147 150 199 214 184 150 141 132 129 144 136 149 163 156 161
 173 204 203 171 149 139 129 126 140 132 124 146 150 153 152 158 185 211 183 159 168 178 179 189 170 157 150 140 138 143 146
 147 150 135 134 144 148 151 151 176 179 151 126 160 177 164 175 160 152 166 173 148 128 133 133 144 152 165 178 155 151 185
 176 157 152 160 193 147 130 116 107 152 169 142 165 174 159 188 168 117 142 159 176 185 161 152 149 141 147 152 181 225
 197 140 126 148 186 175 160 185 180 166 156 154 170 163 142 147 188 193 156 149 157 161 164 156 147 164 169 143 137 141 122
 132 151 144 154 173 161 163 171 142 161 176 167 148 142 152 168 175 160 140 177 194 154 139 172 166 164 166 159 168 152
 156 197 188 169 132 133 174 177 161 150 162 170 160 153 139 161 171 144 155 156 140 179 183 185 161 151 154 148 150 151 132
 161 220 193 165 153 142 157 169 141 127 161 215 173 154 165 164 139 144 175 154 121 124 191 198 153 149 147 143 132 125 126
 124 122 121 155 211 200 158 144 154 152 134 155 173 151 172 186 137 154 173 164 144 151 197 207 176 163 165 170
 169 171 170 169 154 149 169 170 177 163 157 179 176 160 152 159 181 168 161 167 164 155 146 152 156 154 151 189 212 172 157
 171 163 172 158 142 157 182 173 159 156 151 146 151 150 171 215 198 162 132 116 118 172 187 159 144 148 169 177 129 114
 132 164 193 167 132 126 132 131 134 140 146 151 144 142 175 182 151 128 183 206 185 162 170 167 156 166 181 183 156 147 155
 163 157 143 144 165 168 155 142 136 147 150 164 173 150 145 206 199 163 140 173 188 149 170 187 176 157 147 145 171 191
 191 196 155 133 170 168 180 208 196 171 153 163 175 212 174 122 106 126 162 156 128 136 172 166 157 144 138 149 167 204 186
 155 167 205 182 140 133 153 171 163 164 168 158 125 104 130 180 170 165 178 154 124 154 182 176 159 148 160 159 143 150 179
 182 156 130 128 163 204 171 129 124 138 135 147 158 157 148 138 134 161 222 186 149 147 147 148 141 149 171 211 197 156
 123 118 160 164 158 190 175 149 171 163 161 160 173 219 193 147 113 125 205 189 138 159 166 151 169 173 147 169 168 163 184
 175 164 158 187 192 164 155 156 193 179 136 170 193 172 168 172 172 154 132 150 187 186 165 169 168 166 167 167 166 156
 155 183 193 169 150 137 173 239 199 138 142 152 166 160 163 175 162 161 162 180 162 152 165 180 172 155 150 156 144 147 159
 173 179 170 162 156 131 139 169 179 161 152 164 177 162 143 163 204 182 149 158 183 177 163 148 129 127 150 175 163 134 139
 222 218 167 151 155 163 151 149 151 153 164 189 201 183 130 130 183 173 145 147 144 157 156 138 144 157 167 178
 188 163 161 173 185 189 173 160 142 154 170 185 194 190 173 154 132 141 202 206 204 181 148 159 163 165 165 164 187 205 166
 144 139 112 111 181 206 180 169 171 172 156 154 150 167 192 193 183 149 125 161 196 196 179 152 169 181 155 161 160 167
 185 185 166 118 110 168 203 174 171 182 172 182 181 160 156 145 164 186 157 167 185 163 158 190 189 161 135 159 192 201 210
 180 185 183 163 201 218 183 163 184 213 207 201 176 159 172 188 156 139 134 145 155 147 148 187 198 187 179 178 170 192
 200 162 146 195 182 161 176 182 182 195 194 187 188 154 126 174 212 189 166 170 170 158 164 175 195 200 164 137 154 174 194
 192 204 203 180 164 138 129 170 199 172 134 123 154 182 165 180 184 172 178 185 213 165 129 130 133 147 160 149 141 156 175
 186 189 163 145 155 147 174 220 204 164 161 186 174 159 158 178 185 143 168 207 167 138 143 157 156 143 122 110 133 199
 194 146 145 144 148 162 155 140 165 190 189 162 139 136 153 164 143 187 189 142 138 152 200 232 180 127 117 119 124 131 165
 177 166 151 137 151 161 160 155 155 152 137 158 186 174 175 160 156 155 149 179 156 178 199 145 149 173 169 148 135 128
 140 195 210 160 141 147 165 166 153 166 174 150 139 160 177 170 146 140 152 166 159 180 189 156 155 164 138 127 137 151 148
 149 150 138 149 175 171 159 149 151 157 164 171 149 156 167 163 171 160 160 173 195 188 161 161 159 151 152 152 162 168 159
 162 174 167 150 148 181 210 190 148 137 146 139 154 157 140 150 168 161 139 136 141 155 153 154 147 156 160 155 146
 164 179 171 167 154 160 175 177 169 168 212 190 171 148 136 150 162 171 179 172 165 156 150 138 144 177 188 180 177 208 193
 167 132 151 190 199 188 165 182 159 145 141 139 148 143 137 154 178 195 183 165 155 161 149 183 221 201 171 181 177 174
 189 162 153 152 142 165 174 175 177 173 197 203 191 187 176 202 199 182 164 169 176 166 162 152 155 157 159 170 146 162 211
 179 118 145 182 178 174 181 206 166 166 188 149 175 189 182 175 168 167 166 162 160 147 164 185 160 149 179 211 193 159
 136 126 124 149 178 151 175 189 143 124 161 169 186 206 176 156 148 141 165 179 200 217 198 159 144 185 178 177 216 189 140
 136 183 191 182 155 153 178 196 184 163 155 157 178 204 202 206 201 157 127 126 130 151 166 159 213 203 191 175 147 147 148
 142 153 164 162 157 163 148 162 190 184 153 145 174 169 139 140 148 146 135 115 150 206 201 176 151 163 168 138 173 172
 144 133 129 145 170 163 177 176 145 157 178 147 127 142 156 139 118 157 187 155 131 138 180 188 146 115 132 148 133 155 189
 176 145 151 181 177 153 135 125 132 169 196 179 178 182 165 136 148 178 161 135 153 161 141 151 176 169 166 169 142 131
 130 155 192 171 143 142 190 204 157 132 151 161 142 178 191 182 179 201 191 170 161 186 195 173 159 164 169 170 153 143 154
 163 171 165 144 127 108 141 208 191 153 144 170 182 172 128 129 194 187 153 153 146 155 182 176 157 150 141 145 155 172 165
 160 155 145 157 173 180 179 158 141 156 179 176 157 152 142 141 150 164 148 153 173 186 169 153 156 157 172 195
 166 141 154 161 155 142 149 175 189 160 161 186 171 153 157 157 169 175 179 179 146 177 190 171 172 170 145 151 164 180 182
 158 146 146 171 214 199 154 167 171 149 167 199 172 139 147 171 160 179 194 171 144 156 174 163 160 154 158 166 173 217
 215 190 179 170 170 155 147 160 176 194 180 190 181 173 169 146 137 140 162 186 161 166 194 169 143 133 140 162 169 185 158
 116 155 222 196 171 216 248 219 203 180 150 150 163 174 166 169 176 173 161 136 136 163 160 150 143 144 147 148 156 147
 150 178 169 135 134 182 212 182 148 176 231 185 142 125 135 163 173 142 119 160 178 170 167 148 123 119 136 143 158 162 139
 142 164 145 141 148 153 155 172 174 163 161 165 160 191 155 124 127 170 169 150 171 213 200 136 128 164 156 183 171 136 151
 174 189 170 130 159 182 155 125 126 116 124 137 119 162 172 154 156 171 141 139 177 151 141 150 172 168 151 144 166 166
 156 148 145 163 161 158 171 203 184 141 169 161 139 125 139 168 191 171 126 130 195 182 158 152 165 167 150 142 135 133 154
 177 178 172 160 137 144 159 149 126 105 124 159 142 120 139 142 140 176 169 145 134 138 166 190 165 154 185 196 167 140
 162 192 168 132 132 137 151 151 128 133 172 168 129 133 159 170 172 162 136 146 159 160 173 160 139 149 184 176 176 174 153
 142 174 186 142 156 186 175 144 150 174 159 148 146 168 173 144 150 165 160 183 186 149 153 164 153 152 146 142 160 158 144
 161 201 177 145 146 144 145 174 169 154 187 198 162 134 149 153 156 193 178 153 183 191 169 163 169 170 163 176
 201 193 172 160 177 168 194 192 148 138 137 163 194 146 143 181 160 159 191 202 163 141 160 167 163 194 206 175 154 145 163
 177 154 155 172 154 167 182 163 155 179 163 164 158 175 235 221 165 126 132 163 170 166 180 174 149 166 207 181 157 152
 156 166 172 173 172 177 187 196 184 178 190 171 192 230 174 158 168 152 159 140 168 203 156 125 126 185 191 147 134 179 219
 193 190 201 153 118 134 184 178 142 152 164 188 175 141 146 164 145 134 152 160 150 123 136 155 149 190 183 152 154 156
 170 206 165 137 161 202 183 143 118 122 131 138 139 149 150 158 173 169 162 165 196 199 168 158 172 124 155 227 183 117 138
 167 162 160 171 184 160 154 140 147 157 160 186 177 158 154 160 176 194 189 164 173 158 147 174 193 172 164 139 137 171 163
 129 112 110 136 206 185 141 124 124 124 134 133 135 145 165 179 181 188 170 155 145 124 119 146 172 176 167 158 145 144
 163 148 148 163 162 143 151 181 166 157 170 163 171 168 155 128 142 203 203 166 121 148 213 222 155 141 147 135 145 184 152
 145 171 171 156 146 161 159 147 131 169 242 199 150 120 116 123 148 154 136 164 173 143 162 186 145 142 165 148 171 184
 161 150 158 166 153 143 178 185 167 164 167 180 156 156 167 165 172 196 184 139 118 160 208 166 148 173 180 171 153 134 127
 141 178 187 182 157 142 163 169 169 167 150 157 171 181 174 169 176 177 169 167 153 151 190 168 137 159 186 156 150 153 148
 145 172 179 156 165 168 159 161 217 224 188 158 152 166 171 172 172 178 175 164 159 157 164 171 164 163 169 173
 171 168 168 174 173 154 167 170 190 250 239 199 169 159 153 167 177 148 143 147 162 168 167 156 129 135 174 172 148 149 147
 144 192 186 180 165 162 164 155 157 181 198 164 163 177 178 164 138 164 181 183 171 155 158 174 180 166 165 173 151 146
 158 154 166 193 201 198 165 161 217 233 182 142 153 191 210 189 170 161 171 170 158 197 198 201 218 198 170 171 187 176 146
 156 176 150 142 160 183 177 159 141 138 154 161 192 208 198 204 171 172 190 194 161 145 203 179 159 161 161 154 126 143
 178 175 156 152 166 168 151 164 185 179 145 143 170 174 161 140 146 169 191 169 174 171 141 126 149 142 133 177 174 182 220
 174 125 138 177 161 149 167 172 149 144 144 174 167 158 165 167 193 218 182 171 183 166 142 127 128 143 172 148 119 161 199
 164 120 148 207 196 178 172 154 120 137 196 166 141 130 144 189 184 149 169 196 178 198 202 164 147 154 161 175 169 142
 152 197 184 150 137 164 176 159 169 186 153 128 177 193 163 147 177 173 167 182 154 150 163 163 166 175 156 154 161 170 182
 171 139 139 152 152 143 148 158 165 179 163 143 139 124 126 169 191 172 150 146 163 177 161 144 138 155 168 162 150 150
 148 136 157 161 154 184 158 144 162 171 141 127 183 173 137 129 132 175 179 149 157 189 181 156 146 137 143 151 145 143 158
 160 159 161 146 131 170 210 163 145 173 160 139 144 150 156 155 137 130 141 158 158 159 180 178 170 145 153 161 148 173 203
 223 199 156 140 194 196 162 173 183 173 186 179 152 136 140 153 168 177 179 163 153 139 137 138 136 141 147 164 168
 168 168 155 155 158 148 161 195 163 140 130 134 140 138 154 168 169 170 177 178 147 131 152 156 157 148 135 152 181 159 140
 170 213 211 175 197 202 142 191 223 160 138 172 188 191 167 149 177 183 143 131 148 150 169 155 134 153 188 196 168 157
 147 141 157 213 202 171 160 186 178 152 158 164 158 166 171 145 173 187 161 151 176 181 160 190 206 215 196 174 199 212 202
 207 182 157 170 205 170 143 166 162 171 171 144 140 190 185 174 135 114 146 173 174 165 151 169 194 176 148 133 147 148
 137 145 145 157 170 172 171 173 158 189 208 209 184 152 135 129 137 130 128 143 159 143 154 200 200 177 155 136 113 109 106
 121 152 165 155 148 139 144 149 174 237 198 137 113 110 101 123 169 158 132 118 148 168 153 113 146 178 187 185 163 158 157
 169 182 171 157 142 105 113 165 144 135 159 148 155 176 176 189 175 158 147 121 122 155 148 114 131 164 160 182 173 143
 150 170 134 158 162 168 163 125 134 165 153 126 153 173 150 175 188 165 142 148 160 135 130 167 150 152 176 159 131 129 148
 183 170 146 147 147 128 126 134 160 168 157 123 135 167 174 153 117 119 129 134 147 156 188 176 133 121 171 219 176 134
 140 161 149 135 139 139 136 127 135 162 140 120 123 160 168 153 147 136 128 165 184 152 134 151 155 156 149 143 180 168 135
 134 131 138 136 127 128 126 149 186 189 166 147 147 155 138 141 165 163 131 139 155 155 158 147 128 149 159 163 131 130 165
 152 156 168 166 169 155 146 174 192 169 151 148 152 168 165 149 144 159 160 153 151 163 177 162 157 178 172 142
 140 138 125 141 163 163 167 181 172 168 156 161 186 173 172 164 153 182 192 169 156 154 160 175 164 145 172 190 171 133 163
 186 186 162 149 158 162 175 165 136 134 177 195 163 160 172 156 125 139 201 171 154 159 168 145 135 141 161 176 173 188
 173 170 166 182 196 207 215 191 167 148 150 160 146 137 140 132 147 166 143 148 149 145 137 155 184 215 208 160 153 160 156
 158 157 148 164 181 181 185 186 171 189 209 185 155 152 149 128 127 156 153 143 162 158 135 166 170 179 162 140 164 156
 126 159 205 171 170 225 224 175 149 139 139 140 126 136 159 165 147 125 146 142 140 171 187 143 139 176 174 154 164 142 148
 175 159 126 122 144 171 164 146 139 140 164 170 140 120 127 135 129 133 141 141 168 160 148 165 174 158 143 182 176 132 127
 179 213 171 128 119 152 192 162 150 170 167 146 147 150 160 217 214 153 142 136 147 144 132 156 220 205 157 159 173 156
 140 126 132 167 148 129 152 151 161 164 131 147 209 186 140 142 151 172 162 151 143 127 140 135 123 128 178 172 143 119 172
 194 151 126 136 187 194 161 140 136 138 146 145 161 199 155 129 163 162 141 151 165 154 147 166 198 166 143 165 158 130
 130 132 126 133 163 150 126 133 128 126 139 149 148 162 167 141 113 150 198 171 155 147 141 141 143 135 129 131 126 127 152
 163 183 166 146 142 151 138 145 176 174 155 153 154 161 177 159 131 154 198 183 149 146 159 157 149 174 160 140 132 142 153
 162 151 126 136 160 144 126 147 170 160 156 137 138 149 156 147 149 169 164 161 137 148 170 175 175 174 173 169
 149 143 163 173 164 157 179 165 139 134 141 158 158 154 160 161 178 162 171 166 148 159 178 157 158 191 171 190 175 130 132
 165 164 167 185 158 161 174 165 167 161 166 182 169 173 174 143 150 207 227 199 169 149 150 162 175 172 168 173 182 205
 183 166 171 163 153 152 191 186 178 160 157 180 162 133 132 167 171 165 207 172 133 164 176 146 135 160 160 159 182 169 143
 141 151 141 141 170 192 174 169 176 210 232 176 136 139 174 204 183 147 126 149 214 225 164 135 161 182 149 142 171 166
 153 147 140 150 155 149 141 147 151 154 179 167 144 146 144 133 142 170 187 207 218 213 182 154 163 162 168 194 196 176 178
 154 131 130 152 157 137 125 122 138 164 150 121 136 143 127 168 179 153 150 153 161 164 173 165 132 121 139 192 227 177 124
 154 224 180 166 164 155 135 106 129 158 130 144 219 195 153 139 146 155 163 176 154 127 151 198 199 155 126 113 129 154
 149 148 162 155 132 130 156 148 142 170 156 143 160 158 165 181 161 151 144 157 171 165 148 146 162 149 129 128 148 159 141
 149 160 137 120 185 188 143 141 175 164 155 151 152 120 136 156 157 154 149 152 136 165 177 148 144 147 168 205 181 138
 135 159 138 173 172 120 153 191 154 119 122 181 184 177 181 160 157 150 156 209 181 149 141 155 161 147 127 151 213 179 138
 130 131 146 185 175 149 133 134 126 119 159 171 155 152 159 171 202 193 148 134 136 139 171 167 162 170 156 157 153 138 140
 159 174 177 155 149 156 169 158 151 164 157 159 190 191 207 199 168 157 179 163 145 148 188 198 151 129 138 141
 138 166 161 163 192 177 141 141 146 135 163 169 157 172 175 167 159 152 154 157 163 176 159 150 141 190 194 170 157 145 129
 166 186 150 160 189 159 122 132 171 156 149 163 154 160 155 136 135 146 197 205 162 138 146 149 165 164 160 178 179 158
 149 139 134 138 180 201 169 167 170 172 177 172 155 136 144 175 173 148 134 130 141 151 179 175 153 176 156 134 143 145 146
 157 163 158 140 151 185 208 200 183 154 139 145 168 174 157 157 172 167 140 146 191 191 162 163 167 160 147 169 184 165
 165 147 135 194 207 149 134 151 139 143 186 204 189 183 184 173 151 131 132 135 142 169 183 156 121 127 131 137 139 133 150
 174 212 204 175 141 144 174 173 157 155 186 175 139 134 117  97  93 114 128 121 131 145 132 123 159 150 130 157 141 132 149
 178 149 109 100 121 113  96 137 160 143 129 154 141 120 171 182 133 148 178 176 137 116 159 172 164 135 117 121 171 199
 187 176 186 175 155 160 214 188 149 139 167 145 112 108 137 156 154 160 147 135 151 133 116 157 167 145 148 153 143 141 164
 151 144 143 138 135 139 129 151 193 167 139 162 186 157 139 151 157 153 147 166 169 131 109 119 151 174 177 149 118 152
 191 162 153 156 126 130 159 178 173 152 162 162 157 162 153 153 145 151 154 161 164 148 134 150 142 152 203 180 150 145 154
 155 153 129 151 204 197 147 137 145 137 142 173 168 157 167 217 191 163 152 145 142 163 174 164 158 140 141 155 168 176 173
 139 128 143 153 148 148 164 153 129 127 136 149 149 131 127 148 147 149 154 145 137 147 171 163 167 166 140 157 190
 169 145 143 138 137 139 147 152 148 135 127 143 159 135 106 141 177 145 145 164 156 140 185 208 168 159 165 147 161 172 168
 169 163 150 140 156 162 172 198 213 171 135 129 153 172 171 172 167 171 170 158 165 170 149 154 170 150 166 168 123 128
 186 198 173 151 147 157 156 146 162 148 115 140 158 171 183 165 179 192 199 216 194 157 183 198 162 140 137 175 183 186 176
 150 135 156 181 173 145 156 152 154 177 198 219 184 132 126 146 156 146 136 142 139 139 154 163 156 128 143 191 178 171
 175 183 178 165 135 184 207 176 151 135 144 137 139 142 197 226 190 162 156 178 178 192 225 211 155 122 115 136 157 148 160
 209 219 181 149 154 152 123 141 196 171 128 163 191 161 163 145 126 149 172 158 147 143 125 166 188 144 136 149 165 156 112
 155 206 166 148 133 142 159 157 155 143 125 119 122 166 173 144 152 132 144 177 143 113 149 170 162 201 188 159 145 136
 127 134 154 179 142 125 191 187 156 160 131 118 155 157 136 128 142 187 160 143 184 181 146 140 148 147 158 161 196 187 153
 170 157 147 180 206 194 158 154 149 152 157 159 161 162 136 139 195 215 180 132 140 184 206 176 162 162 172 154 130 120
 153 194 201 173 133 129 146 172 150 141 168 213 170 116 142 178 139 143 183 164 155 172 146 120 171 179 154 145  