1  "SAO PEDRO E SAO PAULO"
 0    56.28   "N"
 29   16.58  "W" 
  2  8.6167    12   11    1978 .25    3156   .1
  431  384  353  338  335  347  379  414  469  539  617  707
  800  905 1012 1126 1236 1355 1468 1582 1683 1782 1872 1950
 2017 2072 2116 2145 2162 2162 2145 2113 2070 2009 1939 1861
 1766 1664 1557 1438 1322 1203 1081  962  849  748  646  562
  484  417  368  330  307  295  304  324  362  412  476  548
  641  734  833  943 1062 1179 1295 1417 1536 1646 1751 1843
 1928 2000 2061 2110 2145 2166 2169 2157 2134 2096 2044 1975
 1896 1798 1699 1589 1470 1349 1221 1096  974  855  739  638
  539  455  382  324  281  252  240  246  267  299  345  409
  488  572  671  775  886 1002 1124 1246 1371 1492 1609 1722
 1626 1913 1998 2064 2122 2166 2192 2204 2201 2184 2149 2097
 2030 1955 1865 1761 1650 1534 1410 1291 1163 1038  911  792
  682  577  487  409  342  296  258  238  232  241  267  305
  357  427  505  598  700  807  926 1048 1173 1301 1426 1548
 1658 1768 1861 1948 2018 2079 2128 2157 2175 2172 2158 2132
 2085 2027 1955 1804 1772 1665 1549 1427 1302 1178 1044  920
  801  687  586  493  418  351  302  261  241  235  241  270
  311  363  436  520  613  714  825  935 1060 1185 1307 1429
 1556 1675 1783 1881 1971 2047 2114 2163 2201 2221 2224 2215
 2189 2146 2088 2021 1934 1845 1734 1618 1499 1372 1241 1120
  992  864  745  638  531  446  368  310  261  232  214  217
  232  261  307  366  438  525  618  726  839  955 1077 1202
 1327 1449 1562 1672 1774 1867 1945 2015 2064 2108 2134 2143
 2137 2117 2079 2030 1966 1885 1792 1696 1586 1467 1348 1218
 1096  968  852  742  632  542  458  382  324  284  255  237
  243  258  287  336  397  467  557  653  752  862  978 1100
 1225 1353 1477 1593 1704 1808 1904 1985 2052 2107 2154 2186
 2200 2200 2180 2151 2102 2041 1968 1881 1783 1678 1560 1443
 1316 1194 1069  947  828  715  614  515  437  364  309  266
  239  228  231  248  283  336  397  478  562  655  757  870
  986 1102 1224 1343 1456 1567 1668 1755 1840 1912 1973 2022
 2054 2072 2078 2063 2037 1994 1944 1875 1799 1704 1608 1501
 1391 1275 1158 1040  926  819 1015  619  538  462  401  352
  323  303  297  303  329  367  422  489  561  651  747  846 
  959 1069 1188 1308 1424 1537 1650 1749 1842 1923 1992 2053
 2103 2138 2158 2164 2155 2129 2089 2039 1973 1897 1810 1709 
 1601 1491 1375 1253 1131 1013  899  786  685  592  505  432 
  374  325  290  275  267  279  305  345  398  464  540  624 
  714  813  923 1025 1141 1251 1359 1460 1553 1646 1727 1800 
 1858 1907 1945 1971 1989 1983 1968 1940 1896 1841 1771 1696 
 1606 1516 1412 1302 1197 1087  985  884  788  698  620  547 
  486  437  402  376  370  376  394  425  472  527  594  670 
  754  847  948 1053 1160 1271 1372 1479 1578 1674 1761 1842 
 1912 1973 2022 2057 2083 2092 2095 2075 2046 2008 1950 1886 
 1808 1721 1625 1524 1416 1309 1202 1089  984  883  784  691
  613  537  476  430  392  369  357  360  378  410  453  506 
  569  636  721  802  898  991 1086 1185 1284 1374 1464 1548 
 1623 1690 1754 1800 1841 1873 1890 1890 1885 1859 1830 1777 
 1722 1659 1586 1505 1418 1325 1232 1136 1044  951  864  780 
  707  640  585  536  504  475  457  452  463  487  519  565 
  620  687  760  838  919 1009 1108 1201 1300 1395 1485 1570 
 1651 1729 1790 1851 1898 1935 1964 1979 1985 1976 1953 1924 
 1880 1825 1761 1686 1611 1518 1428 1335 1239 1138 1045  949 
  853  772  694  627  563  517  476  447  430  427  436  459 
  485  523  572  633  697  770  851  926 1014 1101 1185 1272
 1350 1423 1495 1559 1617 1664 1704 1739 1763 1768 1768 1754 
 1734 1699 1661 1609 1554 1484 1415 1336 1258 1174 1095 1011 
  936  860  791  730  675  628  593  564  544  541  544  559 
  582  614  658  713  768  835  901  971 1050 1131 1209 1296 
 1378 1456 1531 1598 1665 1714 1764 1801 1827 1848 1854 1854 
 1845 1825 1796 1761 1712 1659 1596 1523 1445 1366 1282 1204 
 1123 1039  957  885  812  743  685  641  600  571  554  539 
  537  545  563  592  627  670  725  775  836  903  972 1042 
 1123 1196 1265 1332 1396 1454 1512 1559 1605 1640 1663 1680 
 1689 1689 1681 1663 1631 1599 1559 1509 1454 1393 1332 1263
 1196 1124 1057  990  929  871  819  770  732  700  677  665 
  659  668  683  706  732  773  813  866  915  973 1037 1104 
 1173 1243 1318 1385 1452 1516 1571 1623 1670 1713 1745 1771 
 1786 1794 1794 1786 1768 1739 1708 1664 1618 1562 1499 1438 
 1365 1299 1226 1159 1084 1017  945  887  831  782  739  707 
  678  657  646  643  646  666  683  713  747  782  826  872 
  930  991 1052 1116 1174 1238 1302 1354 1406 1453 1496 1531 
 1563 1586 1604 1612 1615 1612 1601 1583 1563 1528 1494 1447 
 1404 1349 1296 1241 1180 1122 1067 1015  963  916  876  841 
  815  791  777  765  771  777  797  818  844  879  916  963
 1009 1062 1114 1175 1233 1291 1349 1407 1462 1514 1555 1599 
 1639 1671 1697 1715 1729 1735 1729 1718 1697 1677 1642 1607 
 1561 1512 1462 1407 1349 1285 1221 1158 1097 1039  984  937 
  891  850  812  786  763  749  740  737  746  754  772  789 
  815  856  894  940  990 1042 1094 1155 1204 1254 1306 1355 
 1405 1445 1483 1518 1544 1564 1579 1590 1593 1590 1585 1570 
 1550 1521 1486 1448 1402 1358 1306 1257 1210 1155 1103 1054 
 1007  972  932  903  877  859  845  836  830  842  845  865 
  888  915  944  981 1025 1068 1112 1167 1219 1274 1327 1376 
 1422 1472 1515 1556 1591 1620 1649 1660 1672 1681 1678 1672
 1658 1640 1608 1579 1542 1495 1449 1396 1347 1289 1237 1179 
 1121 1069 1016  967  923  886  848  816  790  770  752  749 
  746  755  773  793  819  854  892  932  976 1031 1083 1133 
 1182 1237 1289 1339 1388 1432 1472 1513 1542 1565 1585 1594 
 1603 1603 1597 1582 1562 1539 1507 1466 1429 1382 1339 1289 
 1240 1188 1141 1098 1049 1005  970  935  906  883  863  848 
  843  843  843  860  872  895  924  959  996 1040 1092 1139 
 1194 1246 1298 1351 1403 1452 1498 1539 1580 1612 1641 1664 
 1678 1687 1690 1678 1664 1647 1620 1589 1551 1507 1464 1414 
 1359 1304 1243 1185 1127 1066 1014  959  912  866  828  790
  756  732  721  706  703  712  727  747  776  808  846  892 
  941  994 1052 1110 1168 1229 1284 1342 1394 1446 1490 1533 
 1571 1603 1626 1647 1658 1658 1655 1641 1621 1592 1560 1522 
 1473 1426 1374 1322 1267 1211 1156 1098 1043  991  944  898 
  860  828  805  782  773  767  770  779  799  828  854  892 
  936  985 1040 1090 1148 1206 1264 1325 1383 1438 1493 1545 
 1586 1626 1655 1682 1702 1716 1719 1711 1702 1684 1661 1624 
 1589 1542 1490 1432 1371 1304 1241 1174 1101 1037  968  910 
  852  799  753  712  686  660  643  637  634  643  657  686 
  724  765  811  866  924  991 1058 1124 1200 1270 1336 1403
 1470 1528 1580 1629 1667 1699 1725 1743 1748 1754 1743 1725 
 1702 1667 1626 1577 1525 1461 1397 1333 1261 1191 1119 1049 
  988  924  869  817  773  741  709  692  680  680  689  701 
  730  756  799  837  889  947 1014 1081 1153 1226 1299 1371 
 1438 1502 1566 1618 1673 1719 1754 1780 1798 1815 1815 1809 
 1792 1769 1728 1684 1632 1574 1507 1435 1362 1278 1194 1119 
 1034  950  878  808  741  689  640  599  567  547  532  532 
  541  564  593  637  677  735  802  869  947 1032 1116 1206 
 1287 1377 1458 1531 1609 1670 1734 1786 1829 1864 1885 1893 
 1893 1882 1858 1827 1786 1740 1681 1612 1539 1467 1380 1296
 1211 1127 1040  962  886  817  753  701  648  611  584  570 
  564  570  584  608  645  686  738  802  872  947 1029 1113 
 1203 1287 1374 1458 1542 1618 1687 1748 1800 1850 1884 1913 
 1925 1934 1928 1911 1882 1841 1792 1728 1661 1583 1499 1412 
 1316 1220 1124 1028  936  848  767  689  625  564  518  477 
  454  445  442  451  477  517  561  622  686  764  848  938 
 1037 1139 1237 1345 1440 1539 1629 1716 1791 1861 1916 1966 
 2000 2024 2041 2044 2029 2006 1966 1916 1855 1783 1702 1614 
 1519 1426 1319 1217 1118 1020  921  825  744  663  602  538 
  494  456  436  424  433  445  482  526  581  645  718  805
  889  982 1083 1185 1287 1388 1487 1582 1672 1762 1829 1896 
 1951 1991 2023 2038 2041 2032 2006 1971 1922 1861 1791 1704 
 1614 1516 1405 1298 1185 1075  961  857  758  662  572  497 
  430  378  337  311  299  305  323  349  395  453  526  601 
  697  793  900 1014 1135 1251 1370 1481 1594 1698 1797 1878 
 1959 2023 2072 2116 2139 2148 2148 2125 2090 2043 1983 1910 
 1823 1733 1629 1521 1402 1280 1161 1045  929  816  714  619 
  532  459  392  343  302  285  273  282  296  337  383  450 
  523  607  703  801  912 1022 1138 1257 1376 1489 1597 1698 
 1788 1866 1939 1994 2043 2078 2095 2098 2084 2058 2014 1959
 1887 1805 1715 1614 1501 1388 1263 1144 1016  897  781  665 
  566  473  389  322  264  226  206  200  209  232  267  322 
  389  470  560  662  775  894 1013 1144 1274 1408 1535 1657 
 1770 1878 1971 2052 2121 2179 2217 2243 2258 2246 2223 2185 
 2130 2060 1976 1881 1770 1657 1535 1411 1274 1144 1016  885 
  758  647  543  453  368  302  244  200  183  171  185  209 
  252  307  377  461  548  656  766  882 1007 1135 1265 1396 
 1518 1634 1744 1849 1933 2008 2075 2118 2153 2168 2170 2156 
 2124 2072 2014 1935 1848 1744 1634 1518 1393 1259 1129  998 
  868  740  624  516  415  333  261  209  162  142  136  145
  174  214  275  351  441  542  653  769  894 1033 1169 1312 
 1448 1587 1712 1840 1953 2051 2138 2208 2263 2301 2327 2330 
 2318 2283 2243 2182 2106 2016 1909 1796 1671 1538 1399 1256 
 1117  975  844  714  592  478  385  298  223  168  127  107 
  101  112  136  185  243  322  412  504  615  728  859  986 
 1123 1250 1387 1512 1631 1744 1842 1935 2011 2080 2127 2158 
 2173 2176 2158 2127 2080 2016 1941 1851 1744 1630 1509 1381 
 1247 1111  972  841  716  594  487  391  307  234  182  147 
  121  121  135  165  214  278  356  446  548  661  780  911 
 1047 1186 1332 1471 1610 1741 1865 1976 2077 2167 2239 2295
 2338 2361 2364 2353 2324 2280 2219 2138 2042 1941 1825 1700 
 1566 1424 1282 1137  995  853  719  597  484  385  292  225 
  162  124   98   86   92  115  162  222  295  382  481  588 
  704  832  957 1093 1230 1363 1491 1613 1729 1833 1920 2002 
 2068 2115 2152 2170 2173 2161 2135 2089 2031 1958 1868 1769 
 1656 1537 1410 1276 1148 1015  887  765  646  539  446  365 
  295  243  205  182  176  185  208  251  309  385  472  568 
  678  794  919 1050 1186 1325 1465 1604 1732 1851 1958 2057 
 2144 2213 2268 2309 2335 2344 2338 2312 2274 2213 2143 2051 
 1952 1836 1714 1587 1447 1311 1169 1024  890  762  640  536
  428  344  266  211  164  138  126  132  155  193  246  315 
  391  481  582  687  803  925 1055 1183 1311 1436 1552 1662 
 1761 1848 1929 1996 2051 2091 2112 2123 2114 2094 2056 2004 
 1940 1865 1775 1671 1563 1450 1325 1201 1076  951  838  727 
  623  533  452  385  335  292  266  254  260  280  315  365 
  437  510  603  696  803  916 1035 1163 1293 1421 1546 1668 
 1781 1888 1987 2074 2141 2199 2245 2274 2288 2288 2268 2236 
 2184 2123 2045 1961 1859 1749 1630 1505 1375 1244 1114  983 
  858  745  632  536  443  367  304  257  228  208  211  219 
  246  292  347  417  492  577  672  774  884  997 1114 1227
 1340 1444 1546 1639 1726 1804 1871 1932 1978 2004 2022 2025 
 2013 1987 1946 1891 1827 1755 1671 1575 1473 1372 1262 1148 
 1041  934  829  739  652  574  504  443  402  373  359  356 
  370  394  429  484  545  614  701  789  887  992 1102 1215 
 1328 1447 1561 1668 1764 1856 1935 2007 2071 2115 2152 2173 
 2178 2173 2149 2115 2065 2001 1929 1845 1746 1648 1540 1424 
 1308 1186 1073  954  847  742  643  562  484  429  371  333 
  307  295  301  313  339  376  426  481  551  626  710  797 
  893  992 1096 1198 1300 1392 1479 1564 1642 1709 1772 1816 
 1857 1874 1889 1891 1880 1857 1825 1775 1723 1656 1581 1500
 1416 1320 1227 1128 1033  940  853  774  699  629  574  525 
  490  458  449  449  464  487  522  568  618  684  751  832 
  925 1012 1108 1210 1308 1410 1506 1599 1683 1764 1837 1900 
 1961 1999 2028 2048 2054 2051 2028 1996 1953 1900 1837 1758 
 1674 1587 1489 1390 1282 1181 1076  972  873  789  702  627 
  563  502  461  420  397  389  377  391  412  441  484  531 
  589  659  731  810  897  987 1077 1167 1254 1338 1413 1489 
 1561 1625 1677 1724 1756 1788 1799 1799 1799 1779 1753 1718 
 1672 1619 1556 1486 1411 1332 1248 1161 1080  996  920  842 
  778  711  659  615  581  557  543  537  540  554  581  615
  656  705  766  833  906  987 1071 1158 1254 1344 1431 1515 
 1597 1666 1736 1794 1846 1887 1919 1942 1953 1953 1942 1919 
 1890 1843 1791 1730 1658 1585 1498 1408 1315 1222 1130 1040 
  950  871  790  726  662  607  564  523  494  482  474  477 
  491  511  546  587  633  694  758  825  898  976 1060 1144 
 1223 1298 1371 1440 1507 1571 1623 1670 1710 1739 1768 1777 
 1780 1774 1754 1728 1690 1647 1589 1528 1461 1385 1307 1226 
 1150 1075  997  930  863  802  747  701  663  631  608  596 
  590  599  617  640  675  718  768  829  892  965 1040 1122 
 1200 1281 1366 1447 1525 1595 1662 1720 1772 1815 1856 1882
 1899 1908 1902 1888 1865 1827 1784 1728 1665 1598 1522 1441 
 1360 1279 1189 1099 1018  939  861  788  725  669  626  585 
  556  533  519  519  527  542  571  606  649  699  760  821 
  890  966 1044 1125 1210 1288 1363 1436 1509 1575 1636 1686 
 1729 1770 1796 1810 1816 1813 1796 1773 1744 1703 1657 1605 
 1538 1474 1399 1323 1248 1166 1091 1016  943  873  810  757 
  708  670  641  618  606  606  606  627  653  694  737  789 
  850  914  987 1065 1147 1234 1315 1399 1475 1553 1620 1683 
 1744 1797 1837 1869 1895 1904 1904 1895 1878 1849 1808 1762 
 1707 1643 1574 1498 1417 1333 1243 1156 1069  985  903  828
  755  691  633  590  549  529  512  509  515  529  552  587 
  634  683  738  805  875  950 1037 1119 1209 1293 1374 1455 
 1531 1600 1661 1722 1769 1806 1835 1856 1867 1867 1856 1838 
 1810 1766 1720 1659 1592 1520 1444 1360 1276 1189 1102 1018 
  939  864  791  730  672  629  591  568  553  550  556  571 
  603  635  681  736  800  867  937 1021 1105 1195 1282 1366 
 1453 1532 1610 1677 1738 1796 1837 1877 1900 1912 1918 1909 
 1892 1863 1825 1773 1718 1645 1570 1483 1399 1312 1216 1120 
 1030  946  859  778  708  644  592  540  508  485  470  468 
  476  497  529  566  616  671  738  813  889  979 1066 1167
 1260 1356 1443 1530 1611 1690 1754 1812 1858 1902 1931 1951 
 1954 1948 1931 1902 1864 1815 1760 1690 1609 1528 1438 1345 
 1246 1154 1064  974  890  808  736  666  611  565  530  504 
  489  486  492  515  553  591  643  707  774  847  928 1018 
 1108 1204 1297 1392 1479 1564 1645 1717 1778 1833 1883 1918 
 1944 1955 1961 1947 1927 1889 1845 1784 1718 1637 1552 1463 
 1364 1265 1164 1062  969  877  789  705  639  572  517  473 
  441  421  418  424  444  476  520  572  636  712  787  874 
  967 1066 1165 1269 1365 1466 1562 1649 1733 1806 1870 1925 
 1971 2001 2018 2032 2030 2012 1986 1949 1893 1833 1751 1670
 1580 1485 1386 1284 1183 1078  974  881  788  707  632  568 
  510  466  431  417  408  417  440  472  516  571  635  708 
  783  873  963 1062 1161 1262 1358 1457 1544 1631 1709 1776 
 1840 1889 1930 1956 1973 1970 1959 1936 1898 1849 1791 1718 
 1640 1553 1452 1353 1254 1150 1048  947  845  752  662  581 
  520  462  422  384  364  355  367  381  419  462  523  596 
  675  767  858  956 1061 1168 1273 1380 1485 1586 1682 1763 
 1839 1903 1964 2010 2045 2065 2080 2074 2051 2016 1970 1912 
 1845 1761 1677 1578 1477 1369 1259 1146 1036  931  827  731 
  644  566  496  438  392  354  339  334  340  363  401  450
  508  575  650  741  836  938 1040 1150 1257 1356 1461 1556 
 1646 1722 1794 1858 1913 1951 1977 1992 1992 1977 1949 1905 
 1856 1786 1708 1624 1528 1432 1328 1221 1113 1003  899  803 
  707  617  542  472  420  376  347  333  333  345  374  412 
  464  525  600  682  778  876  981 1088 1199 1318 1431 1541 
 1643 1739 1826 1904 1971 2032 2075 2110 2125 2125 2113 2087 
 2047 1994 1934 1858 1771 1675 1574 1464 1351 1238 1122 1011 
  901  799  701  617  533  460  405  358  332  315  315  327 
  356  394  452  513  588  673  765  861  966 1079 1189 1300 
 1410 1509 1610 1706 1785 1851 1915 1956 1997 2011 2023 2017
 2000 1968 1919 1855 1782 1707 1617 1524 1417 1310 1202 1089 
  982  872  773  680  599  526  463  419  384  367  358  373 
  390  425  469  527  594  675  765  858  966 1073 1186 1299 
 1416 1526 1636 1735 1831 1912 1987 2048 2095 2133 2153 2159 
 2159 2142 2104 2063 2003 1933 1849 1756 1658 1553 1440 1324 
 1208 1089  970  857  753  660  573  494  433  384  355  332 
  323  329  347  382  428  492  562  640  733  826  931 1038 
 1151 1256 1369 1477 1572 1665 1749 1825 1886 1944 1985 2008 

